           1           5           3
           1           6           7
           1           6           8
           1           6          16
           1          57          55
           2           1           5
           2           1           6
           2           1          57
           3          20          16
           3          20          21
           3          20          22
           3          24          25
           3          24          26
           3          24          27
           4           3           5
           4           3          20
           4           3          24
           5           1           6
           5           1          57
           5           3          20
           5           3          24
           6           1          57
           6           8           9
           6           8          10
           6          16          17
           6          16          18
           6          16          20
           7           6           8
           7           6          16
           8           6          16
           8          10          11
           8          10          12
           9           8          10
          10          12          13
          10          12          14
          10          12          15
          11          10          12
          13          12          14
          13          12          15
          14          12          15
          16          18          19
          16          20          21
          16          20          22
          17          16          18
          17          16          20
          18          16          20
          20           3          24
          20          22          23
          21          20          22
          24          27          28
          25          24          26
          25          24          27
          26          24          27
          29          33          31
          29          34          35
          29          34          36
          29          34          44
          29         154         152
          30          29          33
          30          29          34
          30          29         154
          31          55          44
          31          55          56
          31          55          57
          31          58          59
          31          58          60
          31          58          61
          32          31          33
          32          31          55
          32          31          58
          33          29          34
          33          29         154
          33          31          55
          33          31          58
          34          29         154
          34          36          37
          34          36          38
          34          44          45
          34          44          46
          34          44          55
          35          34          36
          35          34          44
          36          34          44
          36          38          39
          36          38          40
          37          36          38
          38          40          41
          38          40          42
          38          40          43
          39          38          40
          41          40          42
          41          40          43
          42          40          43
          44          46          47
          44          55          56
          44          55          57
          45          44          46
          45          44          55
          46          44          55
          46          47          48
          46          47          49
          46          47          51
          47          49          50
          47          49          63
          47          51          52
          47          51          53
          47          51          54
          48          47          49
          48          47          51
          49          47          51
          49          63          64
          49          63          65
          50          49          63
          52          51          53
          52          51          54
          53          51          54
          55          31          58
          56          55          57
          58          61          62
          59          58          60
          59          58          61
          60          58          61
          63          65          66
          63          65          67
          63          65          71
          64          63          65
          65          67          68
          65          67          69
          65          67          70
          65          71          72
          65          71          73
          66          65          67
          66          65          71
          67          65          71
          68          67          69
          68          67          70
          69          67          70
          71          73          74
          71          73          75
          72          71          73
          73          75          76
          73          75          77
          73          75          82
          74          73          75
          75          77          78
          75          77          79
          75          82          83
          75          82          84
          75          82          85
          76          75          77
          76          75          82
          77          75          82
          77          79          80
          77          79          81
          78          77          79
          80          79          81
          82          85          86
          82          85          87
          82          85          88
          83          82          84
          83          82          85
          84          82          85
          85          88          89
          85          88          90
          86          85          87
          86          85          88
          87          85          88
          88          90          91
          88          90          92
          89          88          90
          90          92          93
          90          92          94
          90          92         110
          91          90          92
          92          94          95
          92          94          96
          92          94          97
          92         110         111
          92         110         112
          93          92          94
          93          92         110
          94          92         110
          94          97          98
          94          97          99
          94          97         100
          95          94          96
          95          94          97
          96          94          97
          97         100         101
          97         100         102
          97         100         103
          98          97          99
          98          97         100
          99          97         100
         100         103         104
         100         103         105
         100         103         106
         101         100         102
         101         100         103
         102         100         103
         103         106         107
         103         106         108
         103         106         109
         104         103         105
         104         103         106
         105         103         106
         107         106         108
         107         106         109
         108         106         109
         110         112         113
         110         112         114
         111         110         112
         112         114         115
         112         114         116
         112         114         120
         113         112         114
         114         116         117
         114         116         118
         114         116         119
         114         120         121
         114         120         122
         115         114         116
         115         114         120
         116         114         120
         117         116         118
         117         116         119
         118         116         119
         120         122         123
         120         122         124
         121         120         122
         122         124         125
         122         124         126
         122         124         130
         123         122         124
         124         126         127
         124         126         128
         124         126         129
         124         130         131
         124         130         132
         125         124         126
         125         124         130
         126         124         130
         127         126         128
         127         126         129
         128         126         129
         131         130         132
         133         137         135
         133         138         139
         133         138         140
         133         138         148
         133         188         186
         134         133         137
         134         133         138
         134         133         188
         135         152         148
         135         152         153
         135         152         154
         135         155         156
         135         155         157
         135         155         158
         136         135         137
         136         135         152
         136         135         155
         137         133         138
         137         133         188
         137         135         152
         137         135         155
         138         133         188
         138         140         141
         138         140         142
         138         148         149
         138         148         150
         138         148         152
         139         138         140
         139         138         148
         140         138         148
         140         142         143
         140         142         144
         141         140         142
         142         144         145
         142         144         146
         142         144         147
         143         142         144
         145         144         146
         145         144         147
         146         144         147
         148         150         151
         148         152         153
         148         152         154
         149         148         150
         149         148         152
         150         148         152
         152         135         155
         153         152         154
         155         158         159
         156         155         157
         156         155         158
         157         155         158
         160         164         162
         160         165         166
         160         165         167
         160         165         175
         160         285         283
         161         160         164
         161         160         165
         161         160         285
         162         186         175
         162         186         187
         162         186         188
         162         189         190
         162         189         191
         162         189         192
         163         162         164
         163         162         186
         163         162         189
         164         160         165
         164         160         285
         164         162         186
         164         162         189
         165         160         285
         165         167         168
         165         167         169
         165         175         176
         165         175         177
         165         175         186
         166         165         167
         166         165         175
         167         165         175
         167         169         170
         167         169         171
         168         167         169
         169         171         172
         169         171         173
         169         171         174
         170         169         171
         172         171         173
         172         171         174
         173         171         174
         175         177         178
         175         186         187
         175         186         188
         176         175         177
         176         175         186
         177         175         186
         177         178         179
         177         178         180
         177         178         182
         178         180         181
         178         180         194
         178         182         183
         178         182         184
         178         182         185
         179         178         180
         179         178         182
         180         178         182
         180         194         195
         180         194         196
         181         180         194
         183         182         184
         183         182         185
         184         182         185
         186         162         189
         187         186         188
         189         192         193
         190         189         191
         190         189         192
         191         189         192
         194         196         197
         194         196         198
         194         196         202
         195         194         196
         196         198         199
         196         198         200
         196         198         201
         196         202         203
         196         202         204
         197         196         198
         197         196         202
         198         196         202
         199         198         200
         199         198         201
         200         198         201
         202         204         205
         202         204         206
         203         202         204
         204         206         207
         204         206         208
         204         206         213
         205         204         206
         206         208         209
         206         208         210
         206         213         214
         206         213         215
         206         213         216
         207         206         208
         207         206         213
         208         206         213
         208         210         211
         208         210         212
         209         208         210
         211         210         212
         213         216         217
         213         216         218
         213         216         219
         214         213         215
         214         213         216
         215         213         216
         216         219         220
         216         219         221
         217         216         218
         217         216         219
         218         216         219
         219         221         222
         219         221         223
         220         219         221
         221         223         224
         221         223         225
         221         223         241
         222         221         223
         223         225         226
         223         225         227
         223         225         228
         223         241         242
         223         241         243
         224         223         225
         224         223         241
         225         223         241
         225         228         229
         225         228         230
         225         228         231
         226         225         227
         226         225         228
         227         225         228
         228         231         232
         228         231         233
         228         231         234
         229         228         230
         229         228         231
         230         228         231
         231         234         235
         231         234         236
         231         234         237
         232         231         233
         232         231         234
         233         231         234
         234         237         238
         234         237         239
         234         237         240
         235         234         236
         235         234         237
         236         234         237
         238         237         239
         238         237         240
         239         237         240
         241         243         244
         241         243         245
         242         241         243
         243         245         246
         243         245         247
         243         245         251
         244         243         245
         245         247         248
         245         247         249
         245         247         250
         245         251         252
         245         251         253
         246         245         247
         246         245         251
         247         245         251
         248         247         249
         248         247         250
         249         247         250
         251         253         254
         251         253         255
         252         251         253
         253         255         256
         253         255         257
         253         255         261
         254         253         255
         255         257         258
         255         257         259
         255         257         260
         255         261         262
         255         261         263
         256         255         257
         256         255         261
         257         255         261
         258         257         259
         258         257         260
         259         257         260
         262         261         263
         264         268         266
         264         269         270
         264         269         271
         264         269         279
         264         319         317
         265         264         268
         265         264         269
         265         264         319
         266         283         279
         266         283         284
         266         283         285
         266         286         287
         266         286         288
         266         286         289
         267         266         268
         267         266         283
         267         266         286
         268         264         269
         268         264         319
         268         266         283
         268         266         286
         269         264         319
         269         271         272
         269         271         273
         269         279         280
         269         279         281
         269         279         283
         270         269         271
         270         269         279
         271         269         279
         271         273         274
         271         273         275
         272         271         273
         273         275         276
         273         275         277
         273         275         278
         274         273         275
         276         275         277
         276         275         278
         277         275         278
         279         281         282
         279         283         284
         279         283         285
         280         279         281
         280         279         283
         281         279         283
         283         266         286
         284         283         285
         286         289         290
         287         286         288
         287         286         289
         288         286         289
         291         295         293
         291         296         297
         291         296         298
         291         296         306
         291         416         414
         292         291         295
         292         291         296
         292         291         416
         293         317         306
         293         317         318
         293         317         319
         293         320         321
         293         320         322
         293         320         323
         294         293         295
         294         293         317
         294         293         320
         295         291         296
         295         291         416
         295         293         317
         295         293         320
         296         291         416
         296         298         299
         296         298         300
         296         306         307
         296         306         308
         296         306         317
         297         296         298
         297         296         306
         298         296         306
         298         300         301
         298         300         302
         299         298         300
         300         302         303
         300         302         304
         300         302         305
         301         300         302
         303         302         304
         303         302         305
         304         302         305
         306         308         309
         306         317         318
         306         317         319
         307         306         308
         307         306         317
         308         306         317
         308         309         310
         308         309         311
         308         309         313
         309         311         312
         309         311         325
         309         313         314
         309         313         315
         309         313         316
         310         309         311
         310         309         313
         311         309         313
         311         325         326
         311         325         327
         312         311         325
         314         313         315
         314         313         316
         315         313         316
         317         293         320
         318         317         319
         320         323         324
         321         320         322
         321         320         323
         322         320         323
         325         327         328
         325         327         329
         325         327         333
         326         325         327
         327         329         330
         327         329         331
         327         329         332
         327         333         334
         327         333         335
         328         327         329
         328         327         333
         329         327         333
         330         329         331
         330         329         332
         331         329         332
         333         335         336
         333         335         337
         334         333         335
         335         337         338
         335         337         339
         335         337         344
         336         335         337
         337         339         340
         337         339         341
         337         344         345
         337         344         346
         337         344         347
         338         337         339
         338         337         344
         339         337         344
         339         341         342
         339         341         343
         340         339         341
         342         341         343
         344         347         348
         344         347         349
         344         347         350
         345         344         346
         345         344         347
         346         344         347
         347         350         351
         347         350         352
         348         347         349
         348         347         350
         349         347         350
         350         352         353
         350         352         354
         351         350         352
         352         354         355
         352         354         356
         352         354         372
         353         352         354
         354         356         357
         354         356         358
         354         356         359
         354         372         373
         354         372         374
         355         354         356
         355         354         372
         356         354         372
         356         359         360
         356         359         361
         356         359         362
         357         356         358
         357         356         359
         358         356         359
         359         362         363
         359         362         364
         359         362         365
         360         359         361
         360         359         362
         361         359         362
         362         365         366
         362         365         367
         362         365         368
         363         362         364
         363         362         365
         364         362         365
         365         368         369
         365         368         370
         365         368         371
         366         365         367
         366         365         368
         367         365         368
         369         368         370
         369         368         371
         370         368         371
         372         374         375
         372         374         376
         373         372         374
         374         376         377
         374         376         378
         374         376         382
         375         374         376
         376         378         379
         376         378         380
         376         378         381
         376         382         383
         376         382         384
         377         376         378
         377         376         382
         378         376         382
         379         378         380
         379         378         381
         380         378         381
         382         384         385
         382         384         386
         383         382         384
         384         386         387
         384         386         388
         384         386         392
         385         384         386
         386         388         389
         386         388         390
         386         388         391
         386         392         393
         386         392         394
         387         386         388
         387         386         392
         388         386         392
         389         388         390
         389         388         391
         390         388         391
         393         392         394
         395         399         397
         395         400         401
         395         400         402
         395         400         410
         395         450         448
         396         395         399
         396         395         400
         396         395         450
         397         414         410
         397         414         415
         397         414         416
         397         417         418
         397         417         419
         397         417         420
         398         397         399
         398         397         414
         398         397         417
         399         395         400
         399         395         450
         399         397         414
         399         397         417
         400         395         450
         400         402         403
         400         402         404
         400         410         411
         400         410         412
         400         410         414
         401         400         402
         401         400         410
         402         400         410
         402         404         405
         402         404         406
         403         402         404
         404         406         407
         404         406         408
         404         406         409
         405         404         406
         407         406         408
         407         406         409
         408         406         409
         410         412         413
         410         414         415
         410         414         416
         411         410         412
         411         410         414
         412         410         414
         414         397         417
         415         414         416
         417         420         421
         418         417         419
         418         417         420
         419         417         420
         422         426         424
         422         427         428
         422         427         429
         422         427         437
         422         547         545
         423         422         426
         423         422         427
         423         422         547
         424         448         437
         424         448         449
         424         448         450
         424         451         452
         424         451         453
         424         451         454
         425         424         426
         425         424         448
         425         424         451
         426         422         427
         426         422         547
         426         424         448
         426         424         451
         427         422         547
         427         429         430
         427         429         431
         427         437         438
         427         437         439
         427         437         448
         428         427         429
         428         427         437
         429         427         437
         429         431         432
         429         431         433
         430         429         431
         431         433         434
         431         433         435
         431         433         436
         432         431         433
         434         433         435
         434         433         436
         435         433         436
         437         439         440
         437         448         449
         437         448         450
         438         437         439
         438         437         448
         439         437         448
         439         440         441
         439         440         442
         439         440         444
         440         442         443
         440         442         456
         440         444         445
         440         444         446
         440         444         447
         441         440         442
         441         440         444
         442         440         444
         442         456         457
         442         456         458
         443         442         456
         445         444         446
         445         444         447
         446         444         447
         448         424         451
         449         448         450
         451         454         455
         452         451         453
         452         451         454
         453         451         454
         456         458         459
         456         458         460
         456         458         464
         457         456         458
         458         460         461
         458         460         462
         458         460         463
         458         464         465
         458         464         466
         459         458         460
         459         458         464
         460         458         464
         461         460         462
         461         460         463
         462         460         463
         464         466         467
         464         466         468
         465         464         466
         466         468         469
         466         468         470
         466         468         475
         467         466         468
         468         470         471
         468         470         472
         468         475         476
         468         475         477
         468         475         478
         469         468         470
         469         468         475
         470         468         475
         470         472         473
         470         472         474
         471         470         472
         473         472         474
         475         478         479
         475         478         480
         475         478         481
         476         475         477
         476         475         478
         477         475         478
         478         481         482
         478         481         483
         479         478         480
         479         478         481
         480         478         481
         481         483         484
         481         483         485
         482         481         483
         483         485         486
         483         485         487
         483         485         503
         484         483         485
         485         487         488
         485         487         489
         485         487         490
         485         503         504
         485         503         505
         486         485         487
         486         485         503
         487         485         503
         487         490         491
         487         490         492
         487         490         493
         488         487         489
         488         487         490
         489         487         490
         490         493         494
         490         493         495
         490         493         496
         491         490         492
         491         490         493
         492         490         493
         493         496         497
         493         496         498
         493         496         499
         494         493         495
         494         493         496
         495         493         496
         496         499         500
         496         499         501
         496         499         502
         497         496         498
         497         496         499
         498         496         499
         500         499         501
         500         499         502
         501         499         502
         503         505         506
         503         505         507
         504         503         505
         505         507         508
         505         507         509
         505         507         513
         506         505         507
         507         509         510
         507         509         511
         507         509         512
         507         513         514
         507         513         515
         508         507         509
         508         507         513
         509         507         513
         510         509         511
         510         509         512
         511         509         512
         513         515         516
         513         515         517
         514         513         515
         515         517         518
         515         517         519
         515         517         523
         516         515         517
         517         519         520
         517         519         521
         517         519         522
         517         523         524
         517         523         525
         518         517         519
         518         517         523
         519         517         523
         520         519         521
         520         519         522
         521         519         522
         524         523         525
         526         530         528
         526         531         532
         526         531         533
         526         531         541
         526         581         579
         527         526         530
         527         526         531
         527         526         581
         528         545         541
         528         545         546
         528         545         547
         528         548         549
         528         548         550
         528         548         551
         529         528         530
         529         528         545
         529         528         548
         530         526         531
         530         526         581
         530         528         545
         530         528         548
         531         526         581
         531         533         534
         531         533         535
         531         541         542
         531         541         543
         531         541         545
         532         531         533
         532         531         541
         533         531         541
         533         535         536
         533         535         537
         534         533         535
         535         537         538
         535         537         539
         535         537         540
         536         535         537
         538         537         539
         538         537         540
         539         537         540
         541         543         544
         541         545         546
         541         545         547
         542         541         543
         542         541         545
         543         541         545
         545         528         548
         546         545         547
         548         551         552
         549         548         550
         549         548         551
         550         548         551
         553         557         555
         553         558         559
         553         558         560
         553         558         568
         553         678         676
         554         553         557
         554         553         558
         554         553         678
         555         579         568
         555         579         580
         555         579         581
         555         582         583
         555         582         584
         555         582         585
         556         555         557
         556         555         579
         556         555         582
         557         553         558
         557         553         678
         557         555         579
         557         555         582
         558         553         678
         558         560         561
         558         560         562
         558         568         569
         558         568         570
         558         568         579
         559         558         560
         559         558         568
         560         558         568
         560         562         563
         560         562         564
         561         560         562
         562         564         565
         562         564         566
         562         564         567
         563         562         564
         565         564         566
         565         564         567
         566         564         567
         568         570         571
         568         579         580
         568         579         581
         569         568         570
         569         568         579
         570         568         579
         570         571         572
         570         571         573
         570         571         575
         571         573         574
         571         573         587
         571         575         576
         571         575         577
         571         575         578
         572         571         573
         572         571         575
         573         571         575
         573         587         588
         573         587         589
         574         573         587
         576         575         577
         576         575         578
         577         575         578
         579         555         582
         580         579         581
         582         585         586
         583         582         584
         583         582         585
         584         582         585
         587         589         590
         587         589         591
         587         589         595
         588         587         589
         589         591         592
         589         591         593
         589         591         594
         589         595         596
         589         595         597
         590         589         591
         590         589         595
         591         589         595
         592         591         593
         592         591         594
         593         591         594
         595         597         598
         595         597         599
         596         595         597
         597         599         600
         597         599         601
         597         599         606
         598         597         599
         599         601         602
         599         601         603
         599         606         607
         599         606         608
         599         606         609
         600         599         601
         600         599         606
         601         599         606
         601         603         604
         601         603         605
         602         601         603
         604         603         605
         606         609         610
         606         609         611
         606         609         612
         607         606         608
         607         606         609
         608         606         609
         609         612         613
         609         612         614
         610         609         611
         610         609         612
         611         609         612
         612         614         615
         612         614         616
         613         612         614
         614         616         617
         614         616         618
         614         616         634
         615         614         616
         616         618         619
         616         618         620
         616         618         621
         616         634         635
         616         634         636
         617         616         618
         617         616         634
         618         616         634
         618         621         622
         618         621         623
         618         621         624
         619         618         620
         619         618         621
         620         618         621
         621         624         625
         621         624         626
         621         624         627
         622         621         623
         622         621         624
         623         621         624
         624         627         628
         624         627         629
         624         627         630
         625         624         626
         625         624         627
         626         624         627
         627         630         631
         627         630         632
         627         630         633
         628         627         629
         628         627         630
         629         627         630
         631         630         632
         631         630         633
         632         630         633
         634         636         637
         634         636         638
         635         634         636
         636         638         639
         636         638         640
         636         638         644
         637         636         638
         638         640         641
         638         640         642
         638         640         643
         638         644         645
         638         644         646
         639         638         640
         639         638         644
         640         638         644
         641         640         642
         641         640         643
         642         640         643
         644         646         647
         644         646         648
         645         644         646
         646         648         649
         646         648         650
         646         648         654
         647         646         648
         648         650         651
         648         650         652
         648         650         653
         648         654         655
         648         654         656
         649         648         650
         649         648         654
         650         648         654
         651         650         652
         651         650         653
         652         650         653
         655         654         656
         657         661         659
         657         662         663
         657         662         664
         657         662         672
         657         712         710
         658         657         661
         658         657         662
         658         657         712
         659         676         672
         659         676         677
         659         676         678
         659         679         680
         659         679         681
         659         679         682
         660         659         661
         660         659         676
         660         659         679
         661         657         662
         661         657         712
         661         659         676
         661         659         679
         662         657         712
         662         664         665
         662         664         666
         662         672         673
         662         672         674
         662         672         676
         663         662         664
         663         662         672
         664         662         672
         664         666         667
         664         666         668
         665         664         666
         666         668         669
         666         668         670
         666         668         671
         667         666         668
         669         668         670
         669         668         671
         670         668         671
         672         674         675
         672         676         677
         672         676         678
         673         672         674
         673         672         676
         674         672         676
         676         659         679
         677         676         678
         679         682         683
         680         679         681
         680         679         682
         681         679         682
         684         688         686
         684         689         690
         684         689         691
         684         689         699
         684         809         807
         685         684         688
         685         684         689
         685         684         809
         686         710         699
         686         710         711
         686         710         712
         686         713         714
         686         713         715
         686         713         716
         687         686         688
         687         686         710
         687         686         713
         688         684         689
         688         684         809
         688         686         710
         688         686         713
         689         684         809
         689         691         692
         689         691         693
         689         699         700
         689         699         701
         689         699         710
         690         689         691
         690         689         699
         691         689         699
         691         693         694
         691         693         695
         692         691         693
         693         695         696
         693         695         697
         693         695         698
         694         693         695
         696         695         697
         696         695         698
         697         695         698
         699         701         702
         699         710         711
         699         710         712
         700         699         701
         700         699         710
         701         699         710
         701         702         703
         701         702         704
         701         702         706
         702         704         705
         702         704         718
         702         706         707
         702         706         708
         702         706         709
         703         702         704
         703         702         706
         704         702         706
         704         718         719
         704         718         720
         705         704         718
         707         706         708
         707         706         709
         708         706         709
         710         686         713
         711         710         712
         713         716         717
         714         713         715
         714         713         716
         715         713         716
         718         720         721
         718         720         722
         718         720         726
         719         718         720
         720         722         723
         720         722         724
         720         722         725
         720         726         727
         720         726         728
         721         720         722
         721         720         726
         722         720         726
         723         722         724
         723         722         725
         724         722         725
         726         728         729
         726         728         730
         727         726         728
         728         730         731
         728         730         732
         728         730         737
         729         728         730
         730         732         733
         730         732         734
         730         737         738
         730         737         739
         730         737         740
         731         730         732
         731         730         737
         732         730         737
         732         734         735
         732         734         736
         733         732         734
         735         734         736
         737         740         741
         737         740         742
         737         740         743
         738         737         739
         738         737         740
         739         737         740
         740         743         744
         740         743         745
         741         740         742
         741         740         743
         742         740         743
         743         745         746
         743         745         747
         744         743         745
         745         747         748
         745         747         749
         745         747         765
         746         745         747
         747         749         750
         747         749         751
         747         749         752
         747         765         766
         747         765         767
         748         747         749
         748         747         765
         749         747         765
         749         752         753
         749         752         754
         749         752         755
         750         749         751
         750         749         752
         751         749         752
         752         755         756
         752         755         757
         752         755         758
         753         752         754
         753         752         755
         754         752         755
         755         758         759
         755         758         760
         755         758         761
         756         755         757
         756         755         758
         757         755         758
         758         761         762
         758         761         763
         758         761         764
         759         758         760
         759         758         761
         760         758         761
         762         761         763
         762         761         764
         763         761         764
         765         767         768
         765         767         769
         766         765         767
         767         769         770
         767         769         771
         767         769         775
         768         767         769
         769         771         772
         769         771         773
         769         771         774
         769         775         776
         769         775         777
         770         769         771
         770         769         775
         771         769         775
         772         771         773
         772         771         774
         773         771         774
         775         777         778
         775         777         779
         776         775         777
         777         779         780
         777         779         781
         777         779         785
         778         777         779
         779         781         782
         779         781         783
         779         781         784
         779         785         786
         779         785         787
         780         779         781
         780         779         785
         781         779         785
         782         781         783
         782         781         784
         783         781         784
         786         785         787
         788         792         790
         788         793         794
         788         793         795
         788         793         803
         788         843         841
         789         788         792
         789         788         793
         789         788         843
         790         807         803
         790         807         808
         790         807         809
         790         810         811
         790         810         812
         790         810         813
         791         790         792
         791         790         807
         791         790         810
         792         788         793
         792         788         843
         792         790         807
         792         790         810
         793         788         843
         793         795         796
         793         795         797
         793         803         804
         793         803         805
         793         803         807
         794         793         795
         794         793         803
         795         793         803
         795         797         798
         795         797         799
         796         795         797
         797         799         800
         797         799         801
         797         799         802
         798         797         799
         800         799         801
         800         799         802
         801         799         802
         803         805         806
         803         807         808
         803         807         809
         804         803         805
         804         803         807
         805         803         807
         807         790         810
         808         807         809
         810         813         814
         811         810         812
         811         810         813
         812         810         813
         815         819         817
         815         820         821
         815         820         822
         815         820         830
         815         940         938
         816         815         819
         816         815         820
         816         815         940
         817         841         830
         817         841         842
         817         841         843
         817         844         845
         817         844         846
         817         844         847
         818         817         819
         818         817         841
         818         817         844
         819         815         820
         819         815         940
         819         817         841
         819         817         844
         820         815         940
         820         822         823
         820         822         824
         820         830         831
         820         830         832
         820         830         841
         821         820         822
         821         820         830
         822         820         830
         822         824         825
         822         824         826
         823         822         824
         824         826         827
         824         826         828
         824         826         829
         825         824         826
         827         826         828
         827         826         829
         828         826         829
         830         832         833
         830         841         842
         830         841         843
         831         830         832
         831         830         841
         832         830         841
         832         833         834
         832         833         835
         832         833         837
         833         835         836
         833         835         849
         833         837         838
         833         837         839
         833         837         840
         834         833         835
         834         833         837
         835         833         837
         835         849         850
         835         849         851
         836         835         849
         838         837         839
         838         837         840
         839         837         840
         841         817         844
         842         841         843
         844         847         848
         845         844         846
         845         844         847
         846         844         847
         849         851         852
         849         851         853
         849         851         857
         850         849         851
         851         853         854
         851         853         855
         851         853         856
         851         857         858
         851         857         859
         852         851         853
         852         851         857
         853         851         857
         854         853         855
         854         853         856
         855         853         856
         857         859         860
         857         859         861
         858         857         859
         859         861         862
         859         861         863
         859         861         868
         860         859         861
         861         863         864
         861         863         865
         861         868         869
         861         868         870
         861         868         871
         862         861         863
         862         861         868
         863         861         868
         863         865         866
         863         865         867
         864         863         865
         866         865         867
         868         871         872
         868         871         873
         868         871         874
         869         868         870
         869         868         871
         870         868         871
         871         874         875
         871         874         876
         872         871         873
         872         871         874
         873         871         874
         874         876         877
         874         876         878
         875         874         876
         876         878         879
         876         878         880
         876         878         896
         877         876         878
         878         880         881
         878         880         882
         878         880         883
         878         896         897
         878         896         898
         879         878         880
         879         878         896
         880         878         896
         880         883         884
         880         883         885
         880         883         886
         881         880         882
         881         880         883
         882         880         883
         883         886         887
         883         886         888
         883         886         889
         884         883         885
         884         883         886
         885         883         886
         886         889         890
         886         889         891
         886         889         892
         887         886         888
         887         886         889
         888         886         889
         889         892         893
         889         892         894
         889         892         895
         890         889         891
         890         889         892
         891         889         892
         893         892         894
         893         892         895
         894         892         895
         896         898         899
         896         898         900
         897         896         898
         898         900         901
         898         900         902
         898         900         906
         899         898         900
         900         902         903
         900         902         904
         900         902         905
         900         906         907
         900         906         908
         901         900         902
         901         900         906
         902         900         906
         903         902         904
         903         902         905
         904         902         905
         906         908         909
         906         908         910
         907         906         908
         908         910         911
         908         910         912
         908         910         916
         909         908         910
         910         912         913
         910         912         914
         910         912         915
         910         916         917
         910         916         918
         911         910         912
         911         910         916
         912         910         916
         913         912         914
         913         912         915
         914         912         915
         917         916         918
         919         923         921
         919         924         925
         919         924         926
         919         924         934
         919         976         974
         920         919         923
         920         919         924
         920         919         976
         921         938         934
         921         938         939
         921         938         940
         921         941         942
         921         941         943
         921         941         944
         922         921         923
         922         921         938
         922         921         941
         923         919         924
         923         919         976
         923         921         938
         923         921         941
         924         919         976
         924         926         927
         924         926         928
         924         934         935
         924         934         936
         924         934         938
         925         924         926
         925         924         934
         926         924         934
         926         928         929
         926         928         930
         927         926         928
         928         930         931
         928         930         932
         928         930         933
         929         928         930
         931         930         932
         931         930         933
         932         930         933
         934         936         937
         934         938         939
         934         938         940
         935         934         936
         935         934         938
         936         934         938
         938         921         941
         939         938         940
         941         944         945
         942         941         943
         942         941         944
         943         941         944
         946         948         949
         946         952         950
         946         953         954
         946         953         955
         946         953         963
         947         946         948
         947         946         952
         947         946         953
         948         946         952
         948         946         953
         950         974         963
         950         974         975
         950         974         976
         950         977         978
         950         977         979
         950         977         980
         951         950         952
         951         950         974
         951         950         977
         952         946         953
         952         950         974
         952         950         977
         953         955         956
         953         955         957
         953         963         964
         953         963         965
         953         963         974
         954         953         955
         954         953         963
         955         953         963
         955         957         958
         955         957         959
         956         955         957
         957         959         960
         957         959         961
         957         959         962
         958         957         959
         960         959         961
         960         959         962
         961         959         962
         963         965         966
         963         974         975
         963         974         976
         964         963         965
         964         963         974
         965         963         974
         965         966         967
         965         966         968
         965         966         970
         966         968         969
         966         968         982
         966         970         971
         966         970         972
         966         970         973
         967         966         968
         967         966         970
         968         966         970
         968         982         983
         968         982         984
         969         968         982
         971         970         972
         971         970         973
         972         970         973
         974         950         977
         975         974         976
         977         980         981
         978         977         979
         978         977         980
         979         977         980
         982         984         985
         982         984         986
         982         984         990
         983         982         984
         984         986         987
         984         986         988
         984         986         989
         984         990         991
         984         990         992
         985         984         986
         985         984         990
         986         984         990
         987         986         988
         987         986         989
         988         986         989
         990         992         993
         990         992         994
         991         990         992
         992         994         995
         992         994         996
         992         994        1001
         993         992         994
         994         996         997
         994         996         998
         994        1001        1002
         994        1001        1003
         994        1001        1004
         995         994         996
         995         994        1001
         996         994        1001
         996         998         999
         996         998        1000
         997         996         998
         999         998        1000
        1001        1004        1005
        1001        1004        1006
        1001        1004        1007
        1002        1001        1003
        1002        1001        1004
        1003        1001        1004
        1004        1007        1008
        1004        1007        1009
        1005        1004        1006
        1005        1004        1007
        1006        1004        1007
        1007        1009        1010
        1007        1009        1011
        1008        1007        1009
        1009        1011        1012
        1009        1011        1013
        1009        1011        1029
        1010        1009        1011
        1011        1013        1014
        1011        1013        1015
        1011        1013        1016
        1011        1029        1030
        1011        1029        1031
        1012        1011        1013
        1012        1011        1029
        1013        1011        1029
        1013        1016        1017
        1013        1016        1018
        1013        1016        1019
        1014        1013        1015
        1014        1013        1016
        1015        1013        1016
        1016        1019        1020
        1016        1019        1021
        1016        1019        1022
        1017        1016        1018
        1017        1016        1019
        1018        1016        1019
        1019        1022        1023
        1019        1022        1024
        1019        1022        1025
        1020        1019        1021
        1020        1019        1022
        1021        1019        1022
        1022        1025        1026
        1022        1025        1027
        1022        1025        1028
        1023        1022        1024
        1023        1022        1025
        1024        1022        1025
        1026        1025        1027
        1026        1025        1028
        1027        1025        1028
        1029        1031        1032
        1029        1031        1033
        1030        1029        1031
        1031        1033        1034
        1031        1033        1035
        1031        1033        1039
        1032        1031        1033
        1033        1035        1036
        1033        1035        1037
        1033        1035        1038
        1033        1039        1040
        1033        1039        1041
        1034        1033        1035
        1034        1033        1039
        1035        1033        1039
        1036        1035        1037
        1036        1035        1038
        1037        1035        1038
        1039        1041        1042
        1039        1041        1043
        1040        1039        1041
        1041        1043        1044
        1041        1043        1045
        1041        1043        1049
        1042        1041        1043
        1043        1045        1046
        1043        1045        1047
        1043        1045        1048
        1043        1049        1050
        1043        1049        1051
        1044        1043        1045
        1044        1043        1049
        1045        1043        1049
        1046        1045        1047
        1046        1045        1048
        1047        1045        1048
        1050        1049        1051
