           1           2
           1           5
           1           6
           1          57
           3           4
           3           5
           3          20
           3          24
           6           7
           6           8
           6          16
           8           9
           8          10
          10          11
          10          12
          12          13
          12          14
          12          15
          16          17
          16          18
          16          20
          18          19
          20          21
          20          22
          22          23
          24          25
          24          26
          24          27
          27          28
          29          30
          29          33
          29          34
          29         154
          31          32
          31          33
          31          55
          31          58
          34          35
          34          36
          34          44
          36          37
          36          38
          38          39
          38          40
          40          41
          40          42
          40          43
          44          45
          44          46
          44          55
          46          47
          47          48
          47          49
          47          51
          49          50
          49          63
          51          52
          51          53
          51          54
          55          56
          55          57
          58          59
          58          60
          58          61
          61          62
          63          64
          63          65
          65          66
          65          67
          65          71
          67          68
          67          69
          67          70
          71          72
          71          73
          73          74
          73          75
          75          76
          75          77
          75          82
          77          78
          77          79
          79          80
          79          81
          82          83
          82          84
          82          85
          85          86
          85          87
          85          88
          88          89
          88          90
          90          91
          90          92
          92          93
          92          94
          92         110
          94          95
          94          96
          94          97
          97          98
          97          99
          97         100
         100         101
         100         102
         100         103
         103         104
         103         105
         103         106
         106         107
         106         108
         106         109
         110         111
         110         112
         112         113
         112         114
         114         115
         114         116
         114         120
         116         117
         116         118
         116         119
         120         121
         120         122
         122         123
         122         124
         124         125
         124         126
         124         130
         126         127
         126         128
         126         129
         130         131
         130         132
         133         134
         133         137
         133         138
         133         188
         135         136
         135         137
         135         152
         135         155
         138         139
         138         140
         138         148
         140         141
         140         142
         142         143
         142         144
         144         145
         144         146
         144         147
         148         149
         148         150
         148         152
         150         151
         152         153
         152         154
         155         156
         155         157
         155         158
         158         159
         160         161
         160         164
         160         165
         160         285
         162         163
         162         164
         162         186
         162         189
         165         166
         165         167
         165         175
         167         168
         167         169
         169         170
         169         171
         171         172
         171         173
         171         174
         175         176
         175         177
         175         186
         177         178
         178         179
         178         180
         178         182
         180         181
         180         194
         182         183
         182         184
         182         185
         186         187
         186         188
         189         190
         189         191
         189         192
         192         193
         194         195
         194         196
         196         197
         196         198
         196         202
         198         199
         198         200
         198         201
         202         203
         202         204
         204         205
         204         206
         206         207
         206         208
         206         213
         208         209
         208         210
         210         211
         210         212
         213         214
         213         215
         213         216
         216         217
         216         218
         216         219
         219         220
         219         221
         221         222
         221         223
         223         224
         223         225
         223         241
         225         226
         225         227
         225         228
         228         229
         228         230
         228         231
         231         232
         231         233
         231         234
         234         235
         234         236
         234         237
         237         238
         237         239
         237         240
         241         242
         241         243
         243         244
         243         245
         245         246
         245         247
         245         251
         247         248
         247         249
         247         250
         251         252
         251         253
         253         254
         253         255
         255         256
         255         257
         255         261
         257         258
         257         259
         257         260
         261         262
         261         263
         264         265
         264         268
         264         269
         264         319
         266         267
         266         268
         266         283
         266         286
         269         270
         269         271
         269         279
         271         272
         271         273
         273         274
         273         275
         275         276
         275         277
         275         278
         279         280
         279         281
         279         283
         281         282
         283         284
         283         285
         286         287
         286         288
         286         289
         289         290
         291         292
         291         295
         291         296
         291         416
         293         294
         293         295
         293         317
         293         320
         296         297
         296         298
         296         306
         298         299
         298         300
         300         301
         300         302
         302         303
         302         304
         302         305
         306         307
         306         308
         306         317
         308         309
         309         310
         309         311
         309         313
         311         312
         311         325
         313         314
         313         315
         313         316
         317         318
         317         319
         320         321
         320         322
         320         323
         323         324
         325         326
         325         327
         327         328
         327         329
         327         333
         329         330
         329         331
         329         332
         333         334
         333         335
         335         336
         335         337
         337         338
         337         339
         337         344
         339         340
         339         341
         341         342
         341         343
         344         345
         344         346
         344         347
         347         348
         347         349
         347         350
         350         351
         350         352
         352         353
         352         354
         354         355
         354         356
         354         372
         356         357
         356         358
         356         359
         359         360
         359         361
         359         362
         362         363
         362         364
         362         365
         365         366
         365         367
         365         368
         368         369
         368         370
         368         371
         372         373
         372         374
         374         375
         374         376
         376         377
         376         378
         376         382
         378         379
         378         380
         378         381
         382         383
         382         384
         384         385
         384         386
         386         387
         386         388
         386         392
         388         389
         388         390
         388         391
         392         393
         392         394
         395         396
         395         399
         395         400
         395         450
         397         398
         397         399
         397         414
         397         417
         400         401
         400         402
         400         410
         402         403
         402         404
         404         405
         404         406
         406         407
         406         408
         406         409
         410         411
         410         412
         410         414
         412         413
         414         415
         414         416
         417         418
         417         419
         417         420
         420         421
         422         423
         422         426
         422         427
         422         547
         424         425
         424         426
         424         448
         424         451
         427         428
         427         429
         427         437
         429         430
         429         431
         431         432
         431         433
         433         434
         433         435
         433         436
         437         438
         437         439
         437         448
         439         440
         440         441
         440         442
         440         444
         442         443
         442         456
         444         445
         444         446
         444         447
         448         449
         448         450
         451         452
         451         453
         451         454
         454         455
         456         457
         456         458
         458         459
         458         460
         458         464
         460         461
         460         462
         460         463
         464         465
         464         466
         466         467
         466         468
         468         469
         468         470
         468         475
         470         471
         470         472
         472         473
         472         474
         475         476
         475         477
         475         478
         478         479
         478         480
         478         481
         481         482
         481         483
         483         484
         483         485
         485         486
         485         487
         485         503
         487         488
         487         489
         487         490
         490         491
         490         492
         490         493
         493         494
         493         495
         493         496
         496         497
         496         498
         496         499
         499         500
         499         501
         499         502
         503         504
         503         505
         505         506
         505         507
         507         508
         507         509
         507         513
         509         510
         509         511
         509         512
         513         514
         513         515
         515         516
         515         517
         517         518
         517         519
         517         523
         519         520
         519         521
         519         522
         523         524
         523         525
         526         527
         526         530
         526         531
         526         581
         528         529
         528         530
         528         545
         528         548
         531         532
         531         533
         531         541
         533         534
         533         535
         535         536
         535         537
         537         538
         537         539
         537         540
         541         542
         541         543
         541         545
         543         544
         545         546
         545         547
         548         549
         548         550
         548         551
         551         552
         553         554
         553         557
         553         558
         553         678
         555         556
         555         557
         555         579
         555         582
         558         559
         558         560
         558         568
         560         561
         560         562
         562         563
         562         564
         564         565
         564         566
         564         567
         568         569
         568         570
         568         579
         570         571
         571         572
         571         573
         571         575
         573         574
         573         587
         575         576
         575         577
         575         578
         579         580
         579         581
         582         583
         582         584
         582         585
         585         586
         587         588
         587         589
         589         590
         589         591
         589         595
         591         592
         591         593
         591         594
         595         596
         595         597
         597         598
         597         599
         599         600
         599         601
         599         606
         601         602
         601         603
         603         604
         603         605
         606         607
         606         608
         606         609
         609         610
         609         611
         609         612
         612         613
         612         614
         614         615
         614         616
         616         617
         616         618
         616         634
         618         619
         618         620
         618         621
         621         622
         621         623
         621         624
         624         625
         624         626
         624         627
         627         628
         627         629
         627         630
         630         631
         630         632
         630         633
         634         635
         634         636
         636         637
         636         638
         638         639
         638         640
         638         644
         640         641
         640         642
         640         643
         644         645
         644         646
         646         647
         646         648
         648         649
         648         650
         648         654
         650         651
         650         652
         650         653
         654         655
         654         656
         657         658
         657         661
         657         662
         657         712
         659         660
         659         661
         659         676
         659         679
         662         663
         662         664
         662         672
         664         665
         664         666
         666         667
         666         668
         668         669
         668         670
         668         671
         672         673
         672         674
         672         676
         674         675
         676         677
         676         678
         679         680
         679         681
         679         682
         682         683
         684         685
         684         688
         684         689
         684         809
         686         687
         686         688
         686         710
         686         713
         689         690
         689         691
         689         699
         691         692
         691         693
         693         694
         693         695
         695         696
         695         697
         695         698
         699         700
         699         701
         699         710
         701         702
         702         703
         702         704
         702         706
         704         705
         704         718
         706         707
         706         708
         706         709
         710         711
         710         712
         713         714
         713         715
         713         716
         716         717
         718         719
         718         720
         720         721
         720         722
         720         726
         722         723
         722         724
         722         725
         726         727
         726         728
         728         729
         728         730
         730         731
         730         732
         730         737
         732         733
         732         734
         734         735
         734         736
         737         738
         737         739
         737         740
         740         741
         740         742
         740         743
         743         744
         743         745
         745         746
         745         747
         747         748
         747         749
         747         765
         749         750
         749         751
         749         752
         752         753
         752         754
         752         755
         755         756
         755         757
         755         758
         758         759
         758         760
         758         761
         761         762
         761         763
         761         764
         765         766
         765         767
         767         768
         767         769
         769         770
         769         771
         769         775
         771         772
         771         773
         771         774
         775         776
         775         777
         777         778
         777         779
         779         780
         779         781
         779         785
         781         782
         781         783
         781         784
         785         786
         785         787
         788         789
         788         792
         788         793
         788         843
         790         791
         790         792
         790         807
         790         810
         793         794
         793         795
         793         803
         795         796
         795         797
         797         798
         797         799
         799         800
         799         801
         799         802
         803         804
         803         805
         803         807
         805         806
         807         808
         807         809
         810         811
         810         812
         810         813
         813         814
         815         816
         815         819
         815         820
         815         940
         817         818
         817         819
         817         841
         817         844
         820         821
         820         822
         820         830
         822         823
         822         824
         824         825
         824         826
         826         827
         826         828
         826         829
         830         831
         830         832
         830         841
         832         833
         833         834
         833         835
         833         837
         835         836
         835         849
         837         838
         837         839
         837         840
         841         842
         841         843
         844         845
         844         846
         844         847
         847         848
         849         850
         849         851
         851         852
         851         853
         851         857
         853         854
         853         855
         853         856
         857         858
         857         859
         859         860
         859         861
         861         862
         861         863
         861         868
         863         864
         863         865
         865         866
         865         867
         868         869
         868         870
         868         871
         871         872
         871         873
         871         874
         874         875
         874         876
         876         877
         876         878
         878         879
         878         880
         878         896
         880         881
         880         882
         880         883
         883         884
         883         885
         883         886
         886         887
         886         888
         886         889
         889         890
         889         891
         889         892
         892         893
         892         894
         892         895
         896         897
         896         898
         898         899
         898         900
         900         901
         900         902
         900         906
         902         903
         902         904
         902         905
         906         907
         906         908
         908         909
         908         910
         910         911
         910         912
         910         916
         912         913
         912         914
         912         915
         916         917
         916         918
         919         920
         919         923
         919         924
         919         976
         921         922
         921         923
         921         938
         921         941
         924         925
         924         926
         924         934
         926         927
         926         928
         928         929
         928         930
         930         931
         930         932
         930         933
         934         935
         934         936
         934         938
         936         937
         938         939
         938         940
         941         942
         941         943
         941         944
         944         945
         946         947
         946         948
         946         952
         946         953
         948         949
         950         951
         950         952
         950         974
         950         977
         953         954
         953         955
         953         963
         955         956
         955         957
         957         958
         957         959
         959         960
         959         961
         959         962
         963         964
         963         965
         963         974
         965         966
         966         967
         966         968
         966         970
         968         969
         968         982
         970         971
         970         972
         970         973
         974         975
         974         976
         977         978
         977         979
         977         980
         980         981
         982         983
         982         984
         984         985
         984         986
         984         990
         986         987
         986         988
         986         989
         990         991
         990         992
         992         993
         992         994
         994         995
         994         996
         994        1001
         996         997
         996         998
         998         999
         998        1000
        1001        1002
        1001        1003
        1001        1004
        1004        1005
        1004        1006
        1004        1007
        1007        1008
        1007        1009
        1009        1010
        1009        1011
        1011        1012
        1011        1013
        1011        1029
        1013        1014
        1013        1015
        1013        1016
        1016        1017
        1016        1018
        1016        1019
        1019        1020
        1019        1021
        1019        1022
        1022        1023
        1022        1024
        1022        1025
        1025        1026
        1025        1027
        1025        1028
        1029        1030
        1029        1031
        1031        1032
        1031        1033
        1033        1034
        1033        1035
        1033        1039
        1035        1036
        1035        1037
        1035        1038
        1039        1040
        1039        1041
        1041        1042
        1041        1043
        1043        1044
        1043        1045
        1043        1049
        1045        1046
        1045        1047
        1045        1048
        1049        1050
        1049        1051
