          48          62          64          70          72
          87          89          91         109         111
         109         111         113         119         121
         179         193         195         201         203
         218         220         222         240         242
         240         242         244         250         252
         310         324         326         332         334
         349         351         353         371         373
         371         373         375         381         383
         441         455         457         463         465
         480         482         484         502         504
         502         504         506         512         514
         572         586         588         594         596
         611         613         615         633         635
         633         635         637         643         645
         703         717         719         725         727
         742         744         746         764         766
         764         766         768         774         776
         834         848         850         856         858
         873         875         877         895         897
         895         897         899         905         907
         965         979         981         987         989
        1004        1006        1008        1026        1028
        1026        1028        1030        1036        1038
        1096        1110        1112        1118        1120
        1135        1137        1139        1157        1159
        1157        1159        1161        1167        1169
        1227        1241        1243        1249        1251
        1266        1268        1270        1288        1290
        1288        1290        1292        1298        1300
        1358        1372        1374        1380        1382
        1397        1399        1401        1419        1421
        1419        1421        1423        1429        1431
        1489        1503        1505        1511        1513
        1528        1530        1532        1550        1552
        1550        1552        1554        1560        1562
        1620        1634        1636        1642        1644
        1659        1661        1663        1681        1683
        1681        1683        1685        1691        1693
        1751        1765        1767        1773        1775
        1790        1792        1794        1812        1814
        1812        1814        1816        1822        1824
        1882        1896        1898        1904        1906
        1921        1923        1925        1943        1945
        1943        1945        1947        1953        1955
        2013        2027        2029        2035        2037
        2052        2054        2056        2074        2076
        2074        2076        2078        2084        2086
        2144        2158        2160        2166        2168
        2183        2185        2187        2205        2207
        2205        2207        2209        2215        2217
        2275        2289        2291        2297        2299
        2314        2316        2318        2336        2338
        2336        2338        2340        2346        2348
        2406        2420        2422        2428        2430
        2445        2447        2449        2467        2469
        2467        2469        2471        2477        2479
        2537        2551        2553        2559        2561
        2576        2578        2580        2598        2600
        2598        2600        2602        2608        2610
        2668        2682        2684        2690        2692
        2707        2709        2711        2729        2731
        2729        2731        2733        2739        2741
        2799        2813        2815        2821        2823
        2838        2840        2842        2860        2862
        2860        2862        2864        2870        2872
        2930        2944        2946        2952        2954
        2969        2971        2973        2991        2993
        2991        2993        2995        3001        3003
        3061        3075        3077        3083        3085
        3100        3102        3104        3122        3124
        3122        3124        3126        3132        3134
        3192        3206        3208        3214        3216
        3231        3233        3235        3253        3255
        3253        3255        3257        3263        3265
        3323        3337        3339        3345        3347
        3362        3364        3366        3384        3386
        3384        3386        3388        3394        3396
        3454        3468        3470        3476        3478
        3493        3495        3497        3515        3517
        3515        3517        3519        3525        3527
        3585        3599        3601        3607        3609
        3624        3626        3628        3646        3648
        3646        3648        3650        3656        3658
        3716        3730        3732        3738        3740
        3755        3757        3759        3777        3779
        3777        3779        3781        3787        3789
        3847        3861        3863        3869        3871
        3886        3888        3890        3908        3910
        3908        3910        3912        3918        3920
        3978        3992        3994        4000        4002
        4017        4019        4021        4039        4041
        4039        4041        4043        4049        4051
        4109        4123        4125        4131        4133
        4148        4150        4152        4170        4172
        4170        4172        4174        4180        4182
        4240        4254        4256        4262        4264
        4279        4281        4283        4301        4303
        4301        4303        4305        4311        4313
        4371        4385        4387        4393        4395
        4410        4412        4414        4432        4434
        4432        4434        4436        4442        4444
        4502        4516        4518        4524        4526
        4541        4543        4545        4563        4565
        4563        4565        4567        4573        4575
        4633        4647        4649        4655        4657
        4672        4674        4676        4694        4696
        4694        4696        4698        4704        4706
        4764        4778        4780        4786        4788
        4803        4805        4807        4825        4827
        4825        4827        4829        4835        4837
        4895        4909        4911        4917        4919
        4934        4936        4938        4956        4958
        4956        4958        4960        4966        4968
        5026        5040        5042        5048        5050
        5065        5067        5069        5087        5089
        5087        5089        5091        5097        5099
        5157        5171        5173        5179        5181
        5196        5198        5200        5218        5220
        5218        5220        5222        5228        5230
        5288        5302        5304        5310        5312
        5327        5329        5331        5349        5351
        5349        5351        5353        5359        5361
        5419        5433        5435        5441        5443
        5458        5460        5462        5480        5482
        5480        5482        5484        5490        5492
        5550        5564        5566        5572        5574
        5589        5591        5593        5611        5613
        5611        5613        5615        5621        5623
        5681        5695        5697        5703        5705
        5720        5722        5724        5742        5744
        5742        5744        5746        5752        5754
        5812        5826        5828        5834        5836
        5851        5853        5855        5873        5875
        5873        5875        5877        5883        5885
        5943        5957        5959        5965        5967
        5982        5984        5986        6004        6006
        6004        6006        6008        6014        6016
        6074        6088        6090        6096        6098
        6113        6115        6117        6135        6137
        6135        6137        6139        6145        6147
        6205        6219        6221        6227        6229
        6244        6246        6248        6266        6268
        6266        6268        6270        6276        6278
        6336        6350        6352        6358        6360
        6375        6377        6379        6397        6399
        6397        6399        6401        6407        6409
        6467        6481        6483        6489        6491
        6506        6508        6510        6528        6530
        6528        6530        6532        6538        6540
        6598        6612        6614        6620        6622
        6637        6639        6641        6659        6661
        6659        6661        6663        6669        6671
        6729        6743        6745        6751        6753
        6768        6770        6772        6790        6792
        6790        6792        6794        6800        6802
        6860        6874        6876        6882        6884
        6899        6901        6903        6921        6923
        6921        6923        6925        6931        6933
        6991        7005        7007        7013        7015
        7030        7032        7034        7052        7054
        7052        7054        7056        7062        7064
        7122        7136        7138        7144        7146
        7161        7163        7165        7183        7185
        7183        7185        7187        7193        7195
        7253        7267        7269        7275        7277
        7292        7294        7296        7314        7316
        7314        7316        7318        7324        7326
        7384        7398        7400        7406        7408
        7423        7425        7427        7445        7447
        7445        7447        7449        7455        7457
        7515        7529        7531        7537        7539
        7554        7556        7558        7576        7578
        7576        7578        7580        7586        7588
        7646        7660        7662        7668        7670
        7685        7687        7689        7707        7709
        7707        7709        7711        7717        7719
        7777        7791        7793        7799        7801
        7816        7818        7820        7838        7840
        7838        7840        7842        7848        7850
        7908        7922        7924        7930        7932
        7947        7949        7951        7969        7971
        7969        7971        7973        7979        7981
        8039        8053        8055        8061        8063
        8078        8080        8082        8100        8102
        8100        8102        8104        8110        8112
        8170        8184        8186        8192        8194
        8209        8211        8213        8231        8233
        8231        8233        8235        8241        8243
        8301        8315        8317        8323        8325
        8340        8342        8344        8362        8364
        8362        8364        8366        8372        8374
        8432        8446        8448        8454        8456
        8471        8473        8475        8493        8495
        8493        8495        8497        8503        8505
        8563        8577        8579        8585        8587
        8602        8604        8606        8624        8626
        8624        8626        8628        8634        8636
        8694        8708        8710        8716        8718
        8733        8735        8737        8755        8757
        8755        8757        8759        8765        8767
        8825        8839        8841        8847        8849
        8864        8866        8868        8886        8888
        8886        8888        8890        8896        8898
        8956        8970        8972        8978        8980
        8995        8997        8999        9017        9019
        9017        9019        9021        9027        9029
        9087        9101        9103        9109        9111
        9126        9128        9130        9148        9150
        9148        9150        9152        9158        9160
        9218        9232        9234        9240        9242
        9257        9259        9261        9279        9281
        9279        9281        9283        9289        9291
        9349        9363        9365        9371        9373
        9388        9390        9392        9410        9412
        9410        9412        9414        9420        9422
        9480        9494        9496        9502        9504
        9519        9521        9523        9541        9543
        9541        9543        9545        9551        9553
        9611        9625        9627        9633        9635
        9650        9652        9654        9672        9674
        9672        9674        9676        9682        9684
        9742        9756        9758        9764        9766
        9781        9783        9785        9803        9805
        9803        9805        9807        9813        9815
        9873        9887        9889        9895        9897
        9912        9914        9916        9934        9936
        9934        9936        9938        9944        9946
       10004       10018       10020       10026       10028
       10043       10045       10047       10065       10067
       10065       10067       10069       10075       10077
       10135       10149       10151       10157       10159
       10174       10176       10178       10196       10198
       10196       10198       10200       10206       10208
       10266       10280       10282       10288       10290
       10305       10307       10309       10327       10329
       10327       10329       10331       10337       10339
       10397       10411       10413       10419       10421
       10436       10438       10440       10458       10460
       10458       10460       10462       10468       10470
       10528       10542       10544       10550       10552
       10567       10569       10571       10589       10591
       10589       10591       10593       10599       10601
       10659       10673       10675       10681       10683
       10698       10700       10702       10720       10722
       10720       10722       10724       10730       10732
       10790       10804       10806       10812       10814
       10829       10831       10833       10851       10853
       10851       10853       10855       10861       10863
       10921       10935       10937       10943       10945
       10960       10962       10964       10982       10984
       10982       10984       10986       10992       10994
       11052       11066       11068       11074       11076
       11091       11093       11095       11113       11115
       11113       11115       11117       11123       11125
       11183       11197       11199       11205       11207
       11222       11224       11226       11244       11246
       11244       11246       11248       11254       11256
       11314       11328       11330       11336       11338
       11353       11355       11357       11375       11377
       11375       11377       11379       11385       11387
       11445       11459       11461       11467       11469
       11484       11486       11488       11506       11508
       11506       11508       11510       11516       11518
       11576       11590       11592       11598       11600
       11615       11617       11619       11637       11639
       11637       11639       11641       11647       11649
       11707       11721       11723       11729       11731
       11746       11748       11750       11768       11770
       11768       11770       11772       11778       11780
       11838       11852       11854       11860       11862
       11877       11879       11881       11899       11901
       11899       11901       11903       11909       11911
