           8          10           9           6
          10          12           8          11
          35          37          36          33
          37          39          35          38
          76          78          74          77
          76          74          78          77
          78          76          79          80
          78          76          80          79
         129         123         131         130
         139         141         140         137
         141         143         139         142
         166         168         167         164
         168         170         166         169
         207         209         205         208
         207         205         209         208
         209         207         210         211
         209         207         211         210
         260         254         262         261
         270         272         271         268
         272         274         270         273
         297         299         298         295
         299         301         297         300
         338         340         336         339
         338         336         340         339
         340         338         341         342
         340         338         342         341
         391         385         393         392
         401         403         402         399
         403         405         401         404
         428         430         429         426
         430         432         428         431
         469         471         467         470
         469         467         471         470
         471         469         472         473
         471         469         473         472
         522         516         524         523
         532         534         533         530
         534         536         532         535
         559         561         560         557
         561         563         559         562
         600         602         598         601
         600         598         602         601
         602         600         603         604
         602         600         604         603
         653         647         655         654
         663         665         664         661
         665         667         663         666
         690         692         691         688
         692         694         690         693
         731         733         729         732
         731         729         733         732
         733         731         734         735
         733         731         735         734
         784         778         786         785
         794         796         795         792
         796         798         794         797
         821         823         822         819
         823         825         821         824
         862         864         860         863
         862         860         864         863
         864         862         865         866
         864         862         866         865
         915         909         917         916
         925         927         926         923
         927         929         925         928
         952         954         953         950
         954         956         952         955
         993         995         991         994
         993         991         995         994
         995         993         996         997
         995         993         997         996
        1046        1040        1048        1047
        1056        1058        1057        1054
        1058        1060        1056        1059
        1083        1085        1084        1081
        1085        1087        1083        1086
        1124        1126        1122        1125
        1124        1122        1126        1125
        1126        1124        1127        1128
        1126        1124        1128        1127
        1177        1171        1179        1178
        1187        1189        1188        1185
        1189        1191        1187        1190
        1214        1216        1215        1212
        1216        1218        1214        1217
        1255        1257        1253        1256
        1255        1253        1257        1256
        1257        1255        1258        1259
        1257        1255        1259        1258
        1308        1302        1310        1309
        1318        1320        1319        1316
        1320        1322        1318        1321
        1345        1347        1346        1343
        1347        1349        1345        1348
        1386        1388        1384        1387
        1386        1384        1388        1387
        1388        1386        1389        1390
        1388        1386        1390        1389
        1439        1433        1441        1440
        1449        1451        1450        1447
        1451        1453        1449        1452
        1476        1478        1477        1474
        1478        1480        1476        1479
        1517        1519        1515        1518
        1517        1515        1519        1518
        1519        1517        1520        1521
        1519        1517        1521        1520
        1570        1564        1572        1571
        1580        1582        1581        1578
        1582        1584        1580        1583
        1607        1609        1608        1605
        1609        1611        1607        1610
        1648        1650        1646        1649
        1648        1646        1650        1649
        1650        1648        1651        1652
        1650        1648        1652        1651
        1701        1695        1703        1702
        1711        1713        1712        1709
        1713        1715        1711        1714
        1738        1740        1739        1736
        1740        1742        1738        1741
        1779        1781        1777        1780
        1779        1777        1781        1780
        1781        1779        1782        1783
        1781        1779        1783        1782
        1832        1826        1834        1833
        1842        1844        1843        1840
        1844        1846        1842        1845
        1869        1871        1870        1867
        1871        1873        1869        1872
        1910        1912        1908        1911
        1910        1908        1912        1911
        1912        1910        1913        1914
        1912        1910        1914        1913
        1963        1957        1965        1964
        1973        1975        1974        1971
        1975        1977        1973        1976
        2000        2002        2001        1998
        2002        2004        2000        2003
        2041        2043        2039        2042
        2041        2039        2043        2042
        2043        2041        2044        2045
        2043        2041        2045        2044
        2094        2088        2096        2095
        2104        2106        2105        2102
        2106        2108        2104        2107
        2131        2133        2132        2129
        2133        2135        2131        2134
        2172        2174        2170        2173
        2172        2170        2174        2173
        2174        2172        2175        2176
        2174        2172        2176        2175
        2225        2219        2227        2226
        2235        2237        2236        2233
        2237        2239        2235        2238
        2262        2264        2263        2260
        2264        2266        2262        2265
        2303        2305        2301        2304
        2303        2301        2305        2304
        2305        2303        2306        2307
        2305        2303        2307        2306
        2356        2350        2358        2357
        2366        2368        2367        2364
        2368        2370        2366        2369
        2393        2395        2394        2391
        2395        2397        2393        2396
        2434        2436        2432        2435
        2434        2432        2436        2435
        2436        2434        2437        2438
        2436        2434        2438        2437
        2487        2481        2489        2488
        2497        2499        2498        2495
        2499        2501        2497        2500
        2524        2526        2525        2522
        2526        2528        2524        2527
        2565        2567        2563        2566
        2565        2563        2567        2566
        2567        2565        2568        2569
        2567        2565        2569        2568
        2618        2612        2620        2619
        2628        2630        2629        2626
        2630        2632        2628        2631
        2655        2657        2656        2653
        2657        2659        2655        2658
        2696        2698        2694        2697
        2696        2694        2698        2697
        2698        2696        2699        2700
        2698        2696        2700        2699
        2749        2743        2751        2750
        2759        2761        2760        2757
        2761        2763        2759        2762
        2786        2788        2787        2784
        2788        2790        2786        2789
        2827        2829        2825        2828
        2827        2825        2829        2828
        2829        2827        2830        2831
        2829        2827        2831        2830
        2880        2874        2882        2881
        2890        2892        2891        2888
        2892        2894        2890        2893
        2917        2919        2918        2915
        2919        2921        2917        2920
        2958        2960        2956        2959
        2958        2956        2960        2959
        2960        2958        2961        2962
        2960        2958        2962        2961
        3011        3005        3013        3012
        3021        3023        3022        3019
        3023        3025        3021        3024
        3048        3050        3049        3046
        3050        3052        3048        3051
        3089        3091        3087        3090
        3089        3087        3091        3090
        3091        3089        3092        3093
        3091        3089        3093        3092
        3142        3136        3144        3143
        3152        3154        3153        3150
        3154        3156        3152        3155
        3179        3181        3180        3177
        3181        3183        3179        3182
        3220        3222        3218        3221
        3220        3218        3222        3221
        3222        3220        3223        3224
        3222        3220        3224        3223
        3273        3267        3275        3274
        3283        3285        3284        3281
        3285        3287        3283        3286
        3310        3312        3311        3308
        3312        3314        3310        3313
        3351        3353        3349        3352
        3351        3349        3353        3352
        3353        3351        3354        3355
        3353        3351        3355        3354
        3404        3398        3406        3405
        3414        3416        3415        3412
        3416        3418        3414        3417
        3441        3443        3442        3439
        3443        3445        3441        3444
        3482        3484        3480        3483
        3482        3480        3484        3483
        3484        3482        3485        3486
        3484        3482        3486        3485
        3535        3529        3537        3536
        3545        3547        3546        3543
        3547        3549        3545        3548
        3572        3574        3573        3570
        3574        3576        3572        3575
        3613        3615        3611        3614
        3613        3611        3615        3614
        3615        3613        3616        3617
        3615        3613        3617        3616
        3666        3660        3668        3667
        3676        3678        3677        3674
        3678        3680        3676        3679
        3703        3705        3704        3701
        3705        3707        3703        3706
        3744        3746        3742        3745
        3744        3742        3746        3745
        3746        3744        3747        3748
        3746        3744        3748        3747
        3797        3791        3799        3798
        3807        3809        3808        3805
        3809        3811        3807        3810
        3834        3836        3835        3832
        3836        3838        3834        3837
        3875        3877        3873        3876
        3875        3873        3877        3876
        3877        3875        3878        3879
        3877        3875        3879        3878
        3928        3922        3930        3929
        3938        3940        3939        3936
        3940        3942        3938        3941
        3965        3967        3966        3963
        3967        3969        3965        3968
        4006        4008        4004        4007
        4006        4004        4008        4007
        4008        4006        4009        4010
        4008        4006        4010        4009
        4059        4053        4061        4060
        4069        4071        4070        4067
        4071        4073        4069        4072
        4096        4098        4097        4094
        4098        4100        4096        4099
        4137        4139        4135        4138
        4137        4135        4139        4138
        4139        4137        4140        4141
        4139        4137        4141        4140
        4190        4184        4192        4191
        4200        4202        4201        4198
        4202        4204        4200        4203
        4227        4229        4228        4225
        4229        4231        4227        4230
        4268        4270        4266        4269
        4268        4266        4270        4269
        4270        4268        4271        4272
        4270        4268        4272        4271
        4321        4315        4323        4322
        4331        4333        4332        4329
        4333        4335        4331        4334
        4358        4360        4359        4356
        4360        4362        4358        4361
        4399        4401        4397        4400
        4399        4397        4401        4400
        4401        4399        4402        4403
        4401        4399        4403        4402
        4452        4446        4454        4453
        4462        4464        4463        4460
        4464        4466        4462        4465
        4489        4491        4490        4487
        4491        4493        4489        4492
        4530        4532        4528        4531
        4530        4528        4532        4531
        4532        4530        4533        4534
        4532        4530        4534        4533
        4583        4577        4585        4584
        4593        4595        4594        4591
        4595        4597        4593        4596
        4620        4622        4621        4618
        4622        4624        4620        4623
        4661        4663        4659        4662
        4661        4659        4663        4662
        4663        4661        4664        4665
        4663        4661        4665        4664
        4714        4708        4716        4715
        4724        4726        4725        4722
        4726        4728        4724        4727
        4751        4753        4752        4749
        4753        4755        4751        4754
        4792        4794        4790        4793
        4792        4790        4794        4793
        4794        4792        4795        4796
        4794        4792        4796        4795
        4845        4839        4847        4846
        4855        4857        4856        4853
        4857        4859        4855        4858
        4882        4884        4883        4880
        4884        4886        4882        4885
        4923        4925        4921        4924
        4923        4921        4925        4924
        4925        4923        4926        4927
        4925        4923        4927        4926
        4976        4970        4978        4977
        4986        4988        4987        4984
        4988        4990        4986        4989
        5013        5015        5014        5011
        5015        5017        5013        5016
        5054        5056        5052        5055
        5054        5052        5056        5055
        5056        5054        5057        5058
        5056        5054        5058        5057
        5107        5101        5109        5108
        5117        5119        5118        5115
        5119        5121        5117        5120
        5144        5146        5145        5142
        5146        5148        5144        5147
        5185        5187        5183        5186
        5185        5183        5187        5186
        5187        5185        5188        5189
        5187        5185        5189        5188
        5238        5232        5240        5239
        5248        5250        5249        5246
        5250        5252        5248        5251
        5275        5277        5276        5273
        5277        5279        5275        5278
        5316        5318        5314        5317
        5316        5314        5318        5317
        5318        5316        5319        5320
        5318        5316        5320        5319
        5369        5363        5371        5370
        5379        5381        5380        5377
        5381        5383        5379        5382
        5406        5408        5407        5404
        5408        5410        5406        5409
        5447        5449        5445        5448
        5447        5445        5449        5448
        5449        5447        5450        5451
        5449        5447        5451        5450
        5500        5494        5502        5501
        5510        5512        5511        5508
        5512        5514        5510        5513
        5537        5539        5538        5535
        5539        5541        5537        5540
        5578        5580        5576        5579
        5578        5576        5580        5579
        5580        5578        5581        5582
        5580        5578        5582        5581
        5631        5625        5633        5632
        5641        5643        5642        5639
        5643        5645        5641        5644
        5668        5670        5669        5666
        5670        5672        5668        5671
        5709        5711        5707        5710
        5709        5707        5711        5710
        5711        5709        5712        5713
        5711        5709        5713        5712
        5762        5756        5764        5763
        5772        5774        5773        5770
        5774        5776        5772        5775
        5799        5801        5800        5797
        5801        5803        5799        5802
        5840        5842        5838        5841
        5840        5838        5842        5841
        5842        5840        5843        5844
        5842        5840        5844        5843
        5893        5887        5895        5894
        5903        5905        5904        5901
        5905        5907        5903        5906
        5930        5932        5931        5928
        5932        5934        5930        5933
        5971        5973        5969        5972
        5971        5969        5973        5972
        5973        5971        5974        5975
        5973        5971        5975        5974
        6024        6018        6026        6025
        6034        6036        6035        6032
        6036        6038        6034        6037
        6061        6063        6062        6059
        6063        6065        6061        6064
        6102        6104        6100        6103
        6102        6100        6104        6103
        6104        6102        6105        6106
        6104        6102        6106        6105
        6155        6149        6157        6156
        6165        6167        6166        6163
        6167        6169        6165        6168
        6192        6194        6193        6190
        6194        6196        6192        6195
        6233        6235        6231        6234
        6233        6231        6235        6234
        6235        6233        6236        6237
        6235        6233        6237        6236
        6286        6280        6288        6287
        6296        6298        6297        6294
        6298        6300        6296        6299
        6323        6325        6324        6321
        6325        6327        6323        6326
        6364        6366        6362        6365
        6364        6362        6366        6365
        6366        6364        6367        6368
        6366        6364        6368        6367
        6417        6411        6419        6418
        6427        6429        6428        6425
        6429        6431        6427        6430
        6454        6456        6455        6452
        6456        6458        6454        6457
        6495        6497        6493        6496
        6495        6493        6497        6496
        6497        6495        6498        6499
        6497        6495        6499        6498
        6548        6542        6550        6549
        6558        6560        6559        6556
        6560        6562        6558        6561
        6585        6587        6586        6583
        6587        6589        6585        6588
        6626        6628        6624        6627
        6626        6624        6628        6627
        6628        6626        6629        6630
        6628        6626        6630        6629
        6679        6673        6681        6680
        6689        6691        6690        6687
        6691        6693        6689        6692
        6716        6718        6717        6714
        6718        6720        6716        6719
        6757        6759        6755        6758
        6757        6755        6759        6758
        6759        6757        6760        6761
        6759        6757        6761        6760
        6810        6804        6812        6811
        6820        6822        6821        6818
        6822        6824        6820        6823
        6847        6849        6848        6845
        6849        6851        6847        6850
        6888        6890        6886        6889
        6888        6886        6890        6889
        6890        6888        6891        6892
        6890        6888        6892        6891
        6941        6935        6943        6942
        6951        6953        6952        6949
        6953        6955        6951        6954
        6978        6980        6979        6976
        6980        6982        6978        6981
        7019        7021        7017        7020
        7019        7017        7021        7020
        7021        7019        7022        7023
        7021        7019        7023        7022
        7072        7066        7074        7073
        7082        7084        7083        7080
        7084        7086        7082        7085
        7109        7111        7110        7107
        7111        7113        7109        7112
        7150        7152        7148        7151
        7150        7148        7152        7151
        7152        7150        7153        7154
        7152        7150        7154        7153
        7203        7197        7205        7204
        7213        7215        7214        7211
        7215        7217        7213        7216
        7240        7242        7241        7238
        7242        7244        7240        7243
        7281        7283        7279        7282
        7281        7279        7283        7282
        7283        7281        7284        7285
        7283        7281        7285        7284
        7334        7328        7336        7335
        7344        7346        7345        7342
        7346        7348        7344        7347
        7371        7373        7372        7369
        7373        7375        7371        7374
        7412        7414        7410        7413
        7412        7410        7414        7413
        7414        7412        7415        7416
        7414        7412        7416        7415
        7465        7459        7467        7466
        7475        7477        7476        7473
        7477        7479        7475        7478
        7502        7504        7503        7500
        7504        7506        7502        7505
        7543        7545        7541        7544
        7543        7541        7545        7544
        7545        7543        7546        7547
        7545        7543        7547        7546
        7596        7590        7598        7597
        7606        7608        7607        7604
        7608        7610        7606        7609
        7633        7635        7634        7631
        7635        7637        7633        7636
        7674        7676        7672        7675
        7674        7672        7676        7675
        7676        7674        7677        7678
        7676        7674        7678        7677
        7727        7721        7729        7728
        7737        7739        7738        7735
        7739        7741        7737        7740
        7764        7766        7765        7762
        7766        7768        7764        7767
        7805        7807        7803        7806
        7805        7803        7807        7806
        7807        7805        7808        7809
        7807        7805        7809        7808
        7858        7852        7860        7859
        7868        7870        7869        7866
        7870        7872        7868        7871
        7895        7897        7896        7893
        7897        7899        7895        7898
        7936        7938        7934        7937
        7936        7934        7938        7937
        7938        7936        7939        7940
        7938        7936        7940        7939
        7989        7983        7991        7990
        7999        8001        8000        7997
        8001        8003        7999        8002
        8026        8028        8027        8024
        8028        8030        8026        8029
        8067        8069        8065        8068
        8067        8065        8069        8068
        8069        8067        8070        8071
        8069        8067        8071        8070
        8120        8114        8122        8121
        8130        8132        8131        8128
        8132        8134        8130        8133
        8157        8159        8158        8155
        8159        8161        8157        8160
        8198        8200        8196        8199
        8198        8196        8200        8199
        8200        8198        8201        8202
        8200        8198        8202        8201
        8251        8245        8253        8252
        8261        8263        8262        8259
        8263        8265        8261        8264
        8288        8290        8289        8286
        8290        8292        8288        8291
        8329        8331        8327        8330
        8329        8327        8331        8330
        8331        8329        8332        8333
        8331        8329        8333        8332
        8382        8376        8384        8383
        8392        8394        8393        8390
        8394        8396        8392        8395
        8419        8421        8420        8417
        8421        8423        8419        8422
        8460        8462        8458        8461
        8460        8458        8462        8461
        8462        8460        8463        8464
        8462        8460        8464        8463
        8513        8507        8515        8514
        8523        8525        8524        8521
        8525        8527        8523        8526
        8550        8552        8551        8548
        8552        8554        8550        8553
        8591        8593        8589        8592
        8591        8589        8593        8592
        8593        8591        8594        8595
        8593        8591        8595        8594
        8644        8638        8646        8645
        8654        8656        8655        8652
        8656        8658        8654        8657
        8681        8683        8682        8679
        8683        8685        8681        8684
        8722        8724        8720        8723
        8722        8720        8724        8723
        8724        8722        8725        8726
        8724        8722        8726        8725
        8775        8769        8777        8776
        8785        8787        8786        8783
        8787        8789        8785        8788
        8812        8814        8813        8810
        8814        8816        8812        8815
        8853        8855        8851        8854
        8853        8851        8855        8854
        8855        8853        8856        8857
        8855        8853        8857        8856
        8906        8900        8908        8907
        8916        8918        8917        8914
        8918        8920        8916        8919
        8943        8945        8944        8941
        8945        8947        8943        8946
        8984        8986        8982        8985
        8984        8982        8986        8985
        8986        8984        8987        8988
        8986        8984        8988        8987
        9037        9031        9039        9038
        9047        9049        9048        9045
        9049        9051        9047        9050
        9074        9076        9075        9072
        9076        9078        9074        9077
        9115        9117        9113        9116
        9115        9113        9117        9116
        9117        9115        9118        9119
        9117        9115        9119        9118
        9168        9162        9170        9169
        9178        9180        9179        9176
        9180        9182        9178        9181
        9205        9207        9206        9203
        9207        9209        9205        9208
        9246        9248        9244        9247
        9246        9244        9248        9247
        9248        9246        9249        9250
        9248        9246        9250        9249
        9299        9293        9301        9300
        9309        9311        9310        9307
        9311        9313        9309        9312
        9336        9338        9337        9334
        9338        9340        9336        9339
        9377        9379        9375        9378
        9377        9375        9379        9378
        9379        9377        9380        9381
        9379        9377        9381        9380
        9430        9424        9432        9431
        9440        9442        9441        9438
        9442        9444        9440        9443
        9467        9469        9468        9465
        9469        9471        9467        9470
        9508        9510        9506        9509
        9508        9506        9510        9509
        9510        9508        9511        9512
        9510        9508        9512        9511
        9561        9555        9563        9562
        9571        9573        9572        9569
        9573        9575        9571        9574
        9598        9600        9599        9596
        9600        9602        9598        9601
        9639        9641        9637        9640
        9639        9637        9641        9640
        9641        9639        9642        9643
        9641        9639        9643        9642
        9692        9686        9694        9693
        9702        9704        9703        9700
        9704        9706        9702        9705
        9729        9731        9730        9727
        9731        9733        9729        9732
        9770        9772        9768        9771
        9770        9768        9772        9771
        9772        9770        9773        9774
        9772        9770        9774        9773
        9823        9817        9825        9824
        9833        9835        9834        9831
        9835        9837        9833        9836
        9860        9862        9861        9858
        9862        9864        9860        9863
        9901        9903        9899        9902
        9901        9899        9903        9902
        9903        9901        9904        9905
        9903        9901        9905        9904
        9954        9948        9956        9955
        9964        9966        9965        9962
        9966        9968        9964        9967
        9991        9993        9992        9989
        9993        9995        9991        9994
       10032       10034       10030       10033
       10032       10030       10034       10033
       10034       10032       10035       10036
       10034       10032       10036       10035
       10085       10079       10087       10086
       10095       10097       10096       10093
       10097       10099       10095       10098
       10122       10124       10123       10120
       10124       10126       10122       10125
       10163       10165       10161       10164
       10163       10161       10165       10164
       10165       10163       10166       10167
       10165       10163       10167       10166
       10216       10210       10218       10217
       10226       10228       10227       10224
       10228       10230       10226       10229
       10253       10255       10254       10251
       10255       10257       10253       10256
       10294       10296       10292       10295
       10294       10292       10296       10295
       10296       10294       10297       10298
       10296       10294       10298       10297
       10347       10341       10349       10348
       10357       10359       10358       10355
       10359       10361       10357       10360
       10384       10386       10385       10382
       10386       10388       10384       10387
       10425       10427       10423       10426
       10425       10423       10427       10426
       10427       10425       10428       10429
       10427       10425       10429       10428
       10478       10472       10480       10479
       10488       10490       10489       10486
       10490       10492       10488       10491
       10515       10517       10516       10513
       10517       10519       10515       10518
       10556       10558       10554       10557
       10556       10554       10558       10557
       10558       10556       10559       10560
       10558       10556       10560       10559
       10609       10603       10611       10610
       10619       10621       10620       10617
       10621       10623       10619       10622
       10646       10648       10647       10644
       10648       10650       10646       10649
       10687       10689       10685       10688
       10687       10685       10689       10688
       10689       10687       10690       10691
       10689       10687       10691       10690
       10740       10734       10742       10741
       10750       10752       10751       10748
       10752       10754       10750       10753
       10777       10779       10778       10775
       10779       10781       10777       10780
       10818       10820       10816       10819
       10818       10816       10820       10819
       10820       10818       10821       10822
       10820       10818       10822       10821
       10871       10865       10873       10872
       10881       10883       10882       10879
       10883       10885       10881       10884
       10908       10910       10909       10906
       10910       10912       10908       10911
       10949       10951       10947       10950
       10949       10947       10951       10950
       10951       10949       10952       10953
       10951       10949       10953       10952
       11002       10996       11004       11003
       11012       11014       11013       11010
       11014       11016       11012       11015
       11039       11041       11040       11037
       11041       11043       11039       11042
       11080       11082       11078       11081
       11080       11078       11082       11081
       11082       11080       11083       11084
       11082       11080       11084       11083
       11133       11127       11135       11134
       11143       11145       11144       11141
       11145       11147       11143       11146
       11170       11172       11171       11168
       11172       11174       11170       11173
       11211       11213       11209       11212
       11211       11209       11213       11212
       11213       11211       11214       11215
       11213       11211       11215       11214
       11264       11258       11266       11265
       11274       11276       11275       11272
       11276       11278       11274       11277
       11301       11303       11302       11299
       11303       11305       11301       11304
       11342       11344       11340       11343
       11342       11340       11344       11343
       11344       11342       11345       11346
       11344       11342       11346       11345
       11395       11389       11397       11396
       11405       11407       11406       11403
       11407       11409       11405       11408
       11432       11434       11433       11430
       11434       11436       11432       11435
       11473       11475       11471       11474
       11473       11471       11475       11474
       11475       11473       11476       11477
       11475       11473       11477       11476
       11526       11520       11528       11527
       11536       11538       11537       11534
       11538       11540       11536       11539
       11563       11565       11564       11561
       11565       11567       11563       11566
       11604       11606       11602       11605
       11604       11602       11606       11605
       11606       11604       11607       11608
       11606       11604       11608       11607
       11657       11651       11659       11658
       11667       11669       11668       11665
       11669       11671       11667       11670
       11694       11696       11695       11692
       11696       11698       11694       11697
       11735       11737       11733       11736
       11735       11733       11737       11736
       11737       11735       11738       11739
       11737       11735       11739       11738
       11788       11782       11790       11789
       11798       11800       11799       11796
       11800       11802       11798       11801
       11825       11827       11826       11823
       11827       11829       11825       11828
       11866       11868       11864       11867
       11866       11864       11868       11867
       11868       11866       11869       11870
       11868       11866       11870       11869
       11919       11913       11921       11920
          48          46          62          49
          62          48          64          63
          70          64          72          71
          72          70          74          73
          87          84          89          88
          89          87          91          90
         109          91         111         110
         111         109         113         112
         119         113         121         120
         121         119         123         122
         179         177         193         180
         193         179         195         194
         201         195         203         202
         203         201         205         204
         218         215         220         219
         220         218         222         221
         240         222         242         241
         242         240         244         243
         250         244         252         251
         252         250         254         253
         310         308         324         311
         324         310         326         325
         332         326         334         333
         334         332         336         335
         349         346         351         350
         351         349         353         352
         371         353         373         372
         373         371         375         374
         381         375         383         382
         383         381         385         384
         441         439         455         442
         455         441         457         456
         463         457         465         464
         465         463         467         466
         480         477         482         481
         482         480         484         483
         502         484         504         503
         504         502         506         505
         512         506         514         513
         514         512         516         515
         572         570         586         573
         586         572         588         587
         594         588         596         595
         596         594         598         597
         611         608         613         612
         613         611         615         614
         633         615         635         634
         635         633         637         636
         643         637         645         644
         645         643         647         646
         703         701         717         704
         717         703         719         718
         725         719         727         726
         727         725         729         728
         742         739         744         743
         744         742         746         745
         764         746         766         765
         766         764         768         767
         774         768         776         775
         776         774         778         777
         834         832         848         835
         848         834         850         849
         856         850         858         857
         858         856         860         859
         873         870         875         874
         875         873         877         876
         895         877         897         896
         897         895         899         898
         905         899         907         906
         907         905         909         908
         965         963         979         966
         979         965         981         980
         987         981         989         988
         989         987         991         990
        1004        1001        1006        1005
        1006        1004        1008        1007
        1026        1008        1028        1027
        1028        1026        1030        1029
        1036        1030        1038        1037
        1038        1036        1040        1039
        1096        1094        1110        1097
        1110        1096        1112        1111
        1118        1112        1120        1119
        1120        1118        1122        1121
        1135        1132        1137        1136
        1137        1135        1139        1138
        1157        1139        1159        1158
        1159        1157        1161        1160
        1167        1161        1169        1168
        1169        1167        1171        1170
        1227        1225        1241        1228
        1241        1227        1243        1242
        1249        1243        1251        1250
        1251        1249        1253        1252
        1266        1263        1268        1267
        1268        1266        1270        1269
        1288        1270        1290        1289
        1290        1288        1292        1291
        1298        1292        1300        1299
        1300        1298        1302        1301
        1358        1356        1372        1359
        1372        1358        1374        1373
        1380        1374        1382        1381
        1382        1380        1384        1383
        1397        1394        1399        1398
        1399        1397        1401        1400
        1419        1401        1421        1420
        1421        1419        1423        1422
        1429        1423        1431        1430
        1431        1429        1433        1432
        1489        1487        1503        1490
        1503        1489        1505        1504
        1511        1505        1513        1512
        1513        1511        1515        1514
        1528        1525        1530        1529
        1530        1528        1532        1531
        1550        1532        1552        1551
        1552        1550        1554        1553
        1560        1554        1562        1561
        1562        1560        1564        1563
        1620        1618        1634        1621
        1634        1620        1636        1635
        1642        1636        1644        1643
        1644        1642        1646        1645
        1659        1656        1661        1660
        1661        1659        1663        1662
        1681        1663        1683        1682
        1683        1681        1685        1684
        1691        1685        1693        1692
        1693        1691        1695        1694
        1751        1749        1765        1752
        1765        1751        1767        1766
        1773        1767        1775        1774
        1775        1773        1777        1776
        1790        1787        1792        1791
        1792        1790        1794        1793
        1812        1794        1814        1813
        1814        1812        1816        1815
        1822        1816        1824        1823
        1824        1822        1826        1825
        1882        1880        1896        1883
        1896        1882        1898        1897
        1904        1898        1906        1905
        1906        1904        1908        1907
        1921        1918        1923        1922
        1923        1921        1925        1924
        1943        1925        1945        1944
        1945        1943        1947        1946
        1953        1947        1955        1954
        1955        1953        1957        1956
        2013        2011        2027        2014
        2027        2013        2029        2028
        2035        2029        2037        2036
        2037        2035        2039        2038
        2052        2049        2054        2053
        2054        2052        2056        2055
        2074        2056        2076        2075
        2076        2074        2078        2077
        2084        2078        2086        2085
        2086        2084        2088        2087
        2144        2142        2158        2145
        2158        2144        2160        2159
        2166        2160        2168        2167
        2168        2166        2170        2169
        2183        2180        2185        2184
        2185        2183        2187        2186
        2205        2187        2207        2206
        2207        2205        2209        2208
        2215        2209        2217        2216
        2217        2215        2219        2218
        2275        2273        2289        2276
        2289        2275        2291        2290
        2297        2291        2299        2298
        2299        2297        2301        2300
        2314        2311        2316        2315
        2316        2314        2318        2317
        2336        2318        2338        2337
        2338        2336        2340        2339
        2346        2340        2348        2347
        2348        2346        2350        2349
        2406        2404        2420        2407
        2420        2406        2422        2421
        2428        2422        2430        2429
        2430        2428        2432        2431
        2445        2442        2447        2446
        2447        2445        2449        2448
        2467        2449        2469        2468
        2469        2467        2471        2470
        2477        2471        2479        2478
        2479        2477        2481        2480
        2537        2535        2551        2538
        2551        2537        2553        2552
        2559        2553        2561        2560
        2561        2559        2563        2562
        2576        2573        2578        2577
        2578        2576        2580        2579
        2598        2580        2600        2599
        2600        2598        2602        2601
        2608        2602        2610        2609
        2610        2608        2612        2611
        2668        2666        2682        2669
        2682        2668        2684        2683
        2690        2684        2692        2691
        2692        2690        2694        2693
        2707        2704        2709        2708
        2709        2707        2711        2710
        2729        2711        2731        2730
        2731        2729        2733        2732
        2739        2733        2741        2740
        2741        2739        2743        2742
        2799        2797        2813        2800
        2813        2799        2815        2814
        2821        2815        2823        2822
        2823        2821        2825        2824
        2838        2835        2840        2839
        2840        2838        2842        2841
        2860        2842        2862        2861
        2862        2860        2864        2863
        2870        2864        2872        2871
        2872        2870        2874        2873
        2930        2928        2944        2931
        2944        2930        2946        2945
        2952        2946        2954        2953
        2954        2952        2956        2955
        2969        2966        2971        2970
        2971        2969        2973        2972
        2991        2973        2993        2992
        2993        2991        2995        2994
        3001        2995        3003        3002
        3003        3001        3005        3004
        3061        3059        3075        3062
        3075        3061        3077        3076
        3083        3077        3085        3084
        3085        3083        3087        3086
        3100        3097        3102        3101
        3102        3100        3104        3103
        3122        3104        3124        3123
        3124        3122        3126        3125
        3132        3126        3134        3133
        3134        3132        3136        3135
        3192        3190        3206        3193
        3206        3192        3208        3207
        3214        3208        3216        3215
        3216        3214        3218        3217
        3231        3228        3233        3232
        3233        3231        3235        3234
        3253        3235        3255        3254
        3255        3253        3257        3256
        3263        3257        3265        3264
        3265        3263        3267        3266
        3323        3321        3337        3324
        3337        3323        3339        3338
        3345        3339        3347        3346
        3347        3345        3349        3348
        3362        3359        3364        3363
        3364        3362        3366        3365
        3384        3366        3386        3385
        3386        3384        3388        3387
        3394        3388        3396        3395
        3396        3394        3398        3397
        3454        3452        3468        3455
        3468        3454        3470        3469
        3476        3470        3478        3477
        3478        3476        3480        3479
        3493        3490        3495        3494
        3495        3493        3497        3496
        3515        3497        3517        3516
        3517        3515        3519        3518
        3525        3519        3527        3526
        3527        3525        3529        3528
        3585        3583        3599        3586
        3599        3585        3601        3600
        3607        3601        3609        3608
        3609        3607        3611        3610
        3624        3621        3626        3625
        3626        3624        3628        3627
        3646        3628        3648        3647
        3648        3646        3650        3649
        3656        3650        3658        3657
        3658        3656        3660        3659
        3716        3714        3730        3717
        3730        3716        3732        3731
        3738        3732        3740        3739
        3740        3738        3742        3741
        3755        3752        3757        3756
        3757        3755        3759        3758
        3777        3759        3779        3778
        3779        3777        3781        3780
        3787        3781        3789        3788
        3789        3787        3791        3790
        3847        3845        3861        3848
        3861        3847        3863        3862
        3869        3863        3871        3870
        3871        3869        3873        3872
        3886        3883        3888        3887
        3888        3886        3890        3889
        3908        3890        3910        3909
        3910        3908        3912        3911
        3918        3912        3920        3919
        3920        3918        3922        3921
        3978        3976        3992        3979
        3992        3978        3994        3993
        4000        3994        4002        4001
        4002        4000        4004        4003
        4017        4014        4019        4018
        4019        4017        4021        4020
        4039        4021        4041        4040
        4041        4039        4043        4042
        4049        4043        4051        4050
        4051        4049        4053        4052
        4109        4107        4123        4110
        4123        4109        4125        4124
        4131        4125        4133        4132
        4133        4131        4135        4134
        4148        4145        4150        4149
        4150        4148        4152        4151
        4170        4152        4172        4171
        4172        4170        4174        4173
        4180        4174        4182        4181
        4182        4180        4184        4183
        4240        4238        4254        4241
        4254        4240        4256        4255
        4262        4256        4264        4263
        4264        4262        4266        4265
        4279        4276        4281        4280
        4281        4279        4283        4282
        4301        4283        4303        4302
        4303        4301        4305        4304
        4311        4305        4313        4312
        4313        4311        4315        4314
        4371        4369        4385        4372
        4385        4371        4387        4386
        4393        4387        4395        4394
        4395        4393        4397        4396
        4410        4407        4412        4411
        4412        4410        4414        4413
        4432        4414        4434        4433
        4434        4432        4436        4435
        4442        4436        4444        4443
        4444        4442        4446        4445
        4502        4500        4516        4503
        4516        4502        4518        4517
        4524        4518        4526        4525
        4526        4524        4528        4527
        4541        4538        4543        4542
        4543        4541        4545        4544
        4563        4545        4565        4564
        4565        4563        4567        4566
        4573        4567        4575        4574
        4575        4573        4577        4576
        4633        4631        4647        4634
        4647        4633        4649        4648
        4655        4649        4657        4656
        4657        4655        4659        4658
        4672        4669        4674        4673
        4674        4672        4676        4675
        4694        4676        4696        4695
        4696        4694        4698        4697
        4704        4698        4706        4705
        4706        4704        4708        4707
        4764        4762        4778        4765
        4778        4764        4780        4779
        4786        4780        4788        4787
        4788        4786        4790        4789
        4803        4800        4805        4804
        4805        4803        4807        4806
        4825        4807        4827        4826
        4827        4825        4829        4828
        4835        4829        4837        4836
        4837        4835        4839        4838
        4895        4893        4909        4896
        4909        4895        4911        4910
        4917        4911        4919        4918
        4919        4917        4921        4920
        4934        4931        4936        4935
        4936        4934        4938        4937
        4956        4938        4958        4957
        4958        4956        4960        4959
        4966        4960        4968        4967
        4968        4966        4970        4969
        5026        5024        5040        5027
        5040        5026        5042        5041
        5048        5042        5050        5049
        5050        5048        5052        5051
        5065        5062        5067        5066
        5067        5065        5069        5068
        5087        5069        5089        5088
        5089        5087        5091        5090
        5097        5091        5099        5098
        5099        5097        5101        5100
        5157        5155        5171        5158
        5171        5157        5173        5172
        5179        5173        5181        5180
        5181        5179        5183        5182
        5196        5193        5198        5197
        5198        5196        5200        5199
        5218        5200        5220        5219
        5220        5218        5222        5221
        5228        5222        5230        5229
        5230        5228        5232        5231
        5288        5286        5302        5289
        5302        5288        5304        5303
        5310        5304        5312        5311
        5312        5310        5314        5313
        5327        5324        5329        5328
        5329        5327        5331        5330
        5349        5331        5351        5350
        5351        5349        5353        5352
        5359        5353        5361        5360
        5361        5359        5363        5362
        5419        5417        5433        5420
        5433        5419        5435        5434
        5441        5435        5443        5442
        5443        5441        5445        5444
        5458        5455        5460        5459
        5460        5458        5462        5461
        5480        5462        5482        5481
        5482        5480        5484        5483
        5490        5484        5492        5491
        5492        5490        5494        5493
        5550        5548        5564        5551
        5564        5550        5566        5565
        5572        5566        5574        5573
        5574        5572        5576        5575
        5589        5586        5591        5590
        5591        5589        5593        5592
        5611        5593        5613        5612
        5613        5611        5615        5614
        5621        5615        5623        5622
        5623        5621        5625        5624
        5681        5679        5695        5682
        5695        5681        5697        5696
        5703        5697        5705        5704
        5705        5703        5707        5706
        5720        5717        5722        5721
        5722        5720        5724        5723
        5742        5724        5744        5743
        5744        5742        5746        5745
        5752        5746        5754        5753
        5754        5752        5756        5755
        5812        5810        5826        5813
        5826        5812        5828        5827
        5834        5828        5836        5835
        5836        5834        5838        5837
        5851        5848        5853        5852
        5853        5851        5855        5854
        5873        5855        5875        5874
        5875        5873        5877        5876
        5883        5877        5885        5884
        5885        5883        5887        5886
        5943        5941        5957        5944
        5957        5943        5959        5958
        5965        5959        5967        5966
        5967        5965        5969        5968
        5982        5979        5984        5983
        5984        5982        5986        5985
        6004        5986        6006        6005
        6006        6004        6008        6007
        6014        6008        6016        6015
        6016        6014        6018        6017
        6074        6072        6088        6075
        6088        6074        6090        6089
        6096        6090        6098        6097
        6098        6096        6100        6099
        6113        6110        6115        6114
        6115        6113        6117        6116
        6135        6117        6137        6136
        6137        6135        6139        6138
        6145        6139        6147        6146
        6147        6145        6149        6148
        6205        6203        6219        6206
        6219        6205        6221        6220
        6227        6221        6229        6228
        6229        6227        6231        6230
        6244        6241        6246        6245
        6246        6244        6248        6247
        6266        6248        6268        6267
        6268        6266        6270        6269
        6276        6270        6278        6277
        6278        6276        6280        6279
        6336        6334        6350        6337
        6350        6336        6352        6351
        6358        6352        6360        6359
        6360        6358        6362        6361
        6375        6372        6377        6376
        6377        6375        6379        6378
        6397        6379        6399        6398
        6399        6397        6401        6400
        6407        6401        6409        6408
        6409        6407        6411        6410
        6467        6465        6481        6468
        6481        6467        6483        6482
        6489        6483        6491        6490
        6491        6489        6493        6492
        6506        6503        6508        6507
        6508        6506        6510        6509
        6528        6510        6530        6529
        6530        6528        6532        6531
        6538        6532        6540        6539
        6540        6538        6542        6541
        6598        6596        6612        6599
        6612        6598        6614        6613
        6620        6614        6622        6621
        6622        6620        6624        6623
        6637        6634        6639        6638
        6639        6637        6641        6640
        6659        6641        6661        6660
        6661        6659        6663        6662
        6669        6663        6671        6670
        6671        6669        6673        6672
        6729        6727        6743        6730
        6743        6729        6745        6744
        6751        6745        6753        6752
        6753        6751        6755        6754
        6768        6765        6770        6769
        6770        6768        6772        6771
        6790        6772        6792        6791
        6792        6790        6794        6793
        6800        6794        6802        6801
        6802        6800        6804        6803
        6860        6858        6874        6861
        6874        6860        6876        6875
        6882        6876        6884        6883
        6884        6882        6886        6885
        6899        6896        6901        6900
        6901        6899        6903        6902
        6921        6903        6923        6922
        6923        6921        6925        6924
        6931        6925        6933        6932
        6933        6931        6935        6934
        6991        6989        7005        6992
        7005        6991        7007        7006
        7013        7007        7015        7014
        7015        7013        7017        7016
        7030        7027        7032        7031
        7032        7030        7034        7033
        7052        7034        7054        7053
        7054        7052        7056        7055
        7062        7056        7064        7063
        7064        7062        7066        7065
        7122        7120        7136        7123
        7136        7122        7138        7137
        7144        7138        7146        7145
        7146        7144        7148        7147
        7161        7158        7163        7162
        7163        7161        7165        7164
        7183        7165        7185        7184
        7185        7183        7187        7186
        7193        7187        7195        7194
        7195        7193        7197        7196
        7253        7251        7267        7254
        7267        7253        7269        7268
        7275        7269        7277        7276
        7277        7275        7279        7278
        7292        7289        7294        7293
        7294        7292        7296        7295
        7314        7296        7316        7315
        7316        7314        7318        7317
        7324        7318        7326        7325
        7326        7324        7328        7327
        7384        7382        7398        7385
        7398        7384        7400        7399
        7406        7400        7408        7407
        7408        7406        7410        7409
        7423        7420        7425        7424
        7425        7423        7427        7426
        7445        7427        7447        7446
        7447        7445        7449        7448
        7455        7449        7457        7456
        7457        7455        7459        7458
        7515        7513        7529        7516
        7529        7515        7531        7530
        7537        7531        7539        7538
        7539        7537        7541        7540
        7554        7551        7556        7555
        7556        7554        7558        7557
        7576        7558        7578        7577
        7578        7576        7580        7579
        7586        7580        7588        7587
        7588        7586        7590        7589
        7646        7644        7660        7647
        7660        7646        7662        7661
        7668        7662        7670        7669
        7670        7668        7672        7671
        7685        7682        7687        7686
        7687        7685        7689        7688
        7707        7689        7709        7708
        7709        7707        7711        7710
        7717        7711        7719        7718
        7719        7717        7721        7720
        7777        7775        7791        7778
        7791        7777        7793        7792
        7799        7793        7801        7800
        7801        7799        7803        7802
        7816        7813        7818        7817
        7818        7816        7820        7819
        7838        7820        7840        7839
        7840        7838        7842        7841
        7848        7842        7850        7849
        7850        7848        7852        7851
        7908        7906        7922        7909
        7922        7908        7924        7923
        7930        7924        7932        7931
        7932        7930        7934        7933
        7947        7944        7949        7948
        7949        7947        7951        7950
        7969        7951        7971        7970
        7971        7969        7973        7972
        7979        7973        7981        7980
        7981        7979        7983        7982
        8039        8037        8053        8040
        8053        8039        8055        8054
        8061        8055        8063        8062
        8063        8061        8065        8064
        8078        8075        8080        8079
        8080        8078        8082        8081
        8100        8082        8102        8101
        8102        8100        8104        8103
        8110        8104        8112        8111
        8112        8110        8114        8113
        8170        8168        8184        8171
        8184        8170        8186        8185
        8192        8186        8194        8193
        8194        8192        8196        8195
        8209        8206        8211        8210
        8211        8209        8213        8212
        8231        8213        8233        8232
        8233        8231        8235        8234
        8241        8235        8243        8242
        8243        8241        8245        8244
        8301        8299        8315        8302
        8315        8301        8317        8316
        8323        8317        8325        8324
        8325        8323        8327        8326
        8340        8337        8342        8341
        8342        8340        8344        8343
        8362        8344        8364        8363
        8364        8362        8366        8365
        8372        8366        8374        8373
        8374        8372        8376        8375
        8432        8430        8446        8433
        8446        8432        8448        8447
        8454        8448        8456        8455
        8456        8454        8458        8457
        8471        8468        8473        8472
        8473        8471        8475        8474
        8493        8475        8495        8494
        8495        8493        8497        8496
        8503        8497        8505        8504
        8505        8503        8507        8506
        8563        8561        8577        8564
        8577        8563        8579        8578
        8585        8579        8587        8586
        8587        8585        8589        8588
        8602        8599        8604        8603
        8604        8602        8606        8605
        8624        8606        8626        8625
        8626        8624        8628        8627
        8634        8628        8636        8635
        8636        8634        8638        8637
        8694        8692        8708        8695
        8708        8694        8710        8709
        8716        8710        8718        8717
        8718        8716        8720        8719
        8733        8730        8735        8734
        8735        8733        8737        8736
        8755        8737        8757        8756
        8757        8755        8759        8758
        8765        8759        8767        8766
        8767        8765        8769        8768
        8825        8823        8839        8826
        8839        8825        8841        8840
        8847        8841        8849        8848
        8849        8847        8851        8850
        8864        8861        8866        8865
        8866        8864        8868        8867
        8886        8868        8888        8887
        8888        8886        8890        8889
        8896        8890        8898        8897
        8898        8896        8900        8899
        8956        8954        8970        8957
        8970        8956        8972        8971
        8978        8972        8980        8979
        8980        8978        8982        8981
        8995        8992        8997        8996
        8997        8995        8999        8998
        9017        8999        9019        9018
        9019        9017        9021        9020
        9027        9021        9029        9028
        9029        9027        9031        9030
        9087        9085        9101        9088
        9101        9087        9103        9102
        9109        9103        9111        9110
        9111        9109        9113        9112
        9126        9123        9128        9127
        9128        9126        9130        9129
        9148        9130        9150        9149
        9150        9148        9152        9151
        9158        9152        9160        9159
        9160        9158        9162        9161
        9218        9216        9232        9219
        9232        9218        9234        9233
        9240        9234        9242        9241
        9242        9240        9244        9243
        9257        9254        9259        9258
        9259        9257        9261        9260
        9279        9261        9281        9280
        9281        9279        9283        9282
        9289        9283        9291        9290
        9291        9289        9293        9292
        9349        9347        9363        9350
        9363        9349        9365        9364
        9371        9365        9373        9372
        9373        9371        9375        9374
        9388        9385        9390        9389
        9390        9388        9392        9391
        9410        9392        9412        9411
        9412        9410        9414        9413
        9420        9414        9422        9421
        9422        9420        9424        9423
        9480        9478        9494        9481
        9494        9480        9496        9495
        9502        9496        9504        9503
        9504        9502        9506        9505
        9519        9516        9521        9520
        9521        9519        9523        9522
        9541        9523        9543        9542
        9543        9541        9545        9544
        9551        9545        9553        9552
        9553        9551        9555        9554
        9611        9609        9625        9612
        9625        9611        9627        9626
        9633        9627        9635        9634
        9635        9633        9637        9636
        9650        9647        9652        9651
        9652        9650        9654        9653
        9672        9654        9674        9673
        9674        9672        9676        9675
        9682        9676        9684        9683
        9684        9682        9686        9685
        9742        9740        9756        9743
        9756        9742        9758        9757
        9764        9758        9766        9765
        9766        9764        9768        9767
        9781        9778        9783        9782
        9783        9781        9785        9784
        9803        9785        9805        9804
        9805        9803        9807        9806
        9813        9807        9815        9814
        9815        9813        9817        9816
        9873        9871        9887        9874
        9887        9873        9889        9888
        9895        9889        9897        9896
        9897        9895        9899        9898
        9912        9909        9914        9913
        9914        9912        9916        9915
        9934        9916        9936        9935
        9936        9934        9938        9937
        9944        9938        9946        9945
        9946        9944        9948        9947
       10004       10002       10018       10005
       10018       10004       10020       10019
       10026       10020       10028       10027
       10028       10026       10030       10029
       10043       10040       10045       10044
       10045       10043       10047       10046
       10065       10047       10067       10066
       10067       10065       10069       10068
       10075       10069       10077       10076
       10077       10075       10079       10078
       10135       10133       10149       10136
       10149       10135       10151       10150
       10157       10151       10159       10158
       10159       10157       10161       10160
       10174       10171       10176       10175
       10176       10174       10178       10177
       10196       10178       10198       10197
       10198       10196       10200       10199
       10206       10200       10208       10207
       10208       10206       10210       10209
       10266       10264       10280       10267
       10280       10266       10282       10281
       10288       10282       10290       10289
       10290       10288       10292       10291
       10305       10302       10307       10306
       10307       10305       10309       10308
       10327       10309       10329       10328
       10329       10327       10331       10330
       10337       10331       10339       10338
       10339       10337       10341       10340
       10397       10395       10411       10398
       10411       10397       10413       10412
       10419       10413       10421       10420
       10421       10419       10423       10422
       10436       10433       10438       10437
       10438       10436       10440       10439
       10458       10440       10460       10459
       10460       10458       10462       10461
       10468       10462       10470       10469
       10470       10468       10472       10471
       10528       10526       10542       10529
       10542       10528       10544       10543
       10550       10544       10552       10551
       10552       10550       10554       10553
       10567       10564       10569       10568
       10569       10567       10571       10570
       10589       10571       10591       10590
       10591       10589       10593       10592
       10599       10593       10601       10600
       10601       10599       10603       10602
       10659       10657       10673       10660
       10673       10659       10675       10674
       10681       10675       10683       10682
       10683       10681       10685       10684
       10698       10695       10700       10699
       10700       10698       10702       10701
       10720       10702       10722       10721
       10722       10720       10724       10723
       10730       10724       10732       10731
       10732       10730       10734       10733
       10790       10788       10804       10791
       10804       10790       10806       10805
       10812       10806       10814       10813
       10814       10812       10816       10815
       10829       10826       10831       10830
       10831       10829       10833       10832
       10851       10833       10853       10852
       10853       10851       10855       10854
       10861       10855       10863       10862
       10863       10861       10865       10864
       10921       10919       10935       10922
       10935       10921       10937       10936
       10943       10937       10945       10944
       10945       10943       10947       10946
       10960       10957       10962       10961
       10962       10960       10964       10963
       10982       10964       10984       10983
       10984       10982       10986       10985
       10992       10986       10994       10993
       10994       10992       10996       10995
       11052       11050       11066       11053
       11066       11052       11068       11067
       11074       11068       11076       11075
       11076       11074       11078       11077
       11091       11088       11093       11092
       11093       11091       11095       11094
       11113       11095       11115       11114
       11115       11113       11117       11116
       11123       11117       11125       11124
       11125       11123       11127       11126
       11183       11181       11197       11184
       11197       11183       11199       11198
       11205       11199       11207       11206
       11207       11205       11209       11208
       11222       11219       11224       11223
       11224       11222       11226       11225
       11244       11226       11246       11245
       11246       11244       11248       11247
       11254       11248       11256       11255
       11256       11254       11258       11257
       11314       11312       11328       11315
       11328       11314       11330       11329
       11336       11330       11338       11337
       11338       11336       11340       11339
       11353       11350       11355       11354
       11355       11353       11357       11356
       11375       11357       11377       11376
       11377       11375       11379       11378
       11385       11379       11387       11386
       11387       11385       11389       11388
       11445       11443       11459       11446
       11459       11445       11461       11460
       11467       11461       11469       11468
       11469       11467       11471       11470
       11484       11481       11486       11485
       11486       11484       11488       11487
       11506       11488       11508       11507
       11508       11506       11510       11509
       11516       11510       11518       11517
       11518       11516       11520       11519
       11576       11574       11590       11577
       11590       11576       11592       11591
       11598       11592       11600       11599
       11600       11598       11602       11601
       11615       11612       11617       11616
       11617       11615       11619       11618
       11637       11619       11639       11638
       11639       11637       11641       11640
       11647       11641       11649       11648
       11649       11647       11651       11650
       11707       11705       11721       11708
       11721       11707       11723       11722
       11729       11723       11731       11730
       11731       11729       11733       11732
       11746       11743       11748       11747
       11748       11746       11750       11749
       11768       11750       11770       11769
       11770       11768       11772       11771
       11778       11772       11780       11779
       11780       11778       11782       11781
       11838       11836       11852       11839
       11852       11838       11854       11853
       11860       11854       11862       11861
       11862       11860       11864       11863
       11877       11874       11879       11878
       11879       11877       11881       11880
       11899       11881       11901       11900
       11901       11899       11903       11902
       11909       11903       11911       11910
       11911       11909       11913       11912
