          48          62          64          70          72
          87          89          91         109         111
         109         111         113         119         121
         179         193         195         201         203
         218         220         222         238         275
         238         275         277         283         285
         343         357         359         365         367
         382         384         386         404         406
         404         406         408         414         416
         474         488         490         496         498
         513         515         517         535         537
         535         537         539         545       11392
         594         608         610         616         618
         633         635         637         653         690
         653         690         692         698         700
         758         772         774         780         782
         797         799         801         819         821
         819         821         823         829       11807
         878         892         894         900         902
         917         919         921         939         941
         939         941         943         949         951
        1009        1023        1025        1031        1033
        1048        1050        1052        1070        1072
        1070        1072        1074        1080        2795
        1129        1143        1145        1151        1153
        1168        1170        1172        1190        1192
        1190        1192        1194        1200        1202
        1260        1274        1276        1282        1284
        1299        1301        1303        1321        1323
        1321        1323        1325        1331        1333
        1391        1405        1407        1413        1415
        1430        1432        1434        1452        1454
        1452        1454        1456        1462        1464
        1522        1536        1538        1544        1546
        1561        1563        1565        1581        1618
        1581        1618        1620        1626        1628
        1686        1700        1702        1708        1710
        1725        1727        1729        1747        1749
        1747        1749        1751        1757        1759
        1817        1831        1833        1839        1841
        1856        1858        1860        1878        1880
        1878        1880        1882        1888        1890
        1948        1962        1964        1970        1972
        1987        1989        1991        2009        2011
        2009        2011        2013        2019        3922
        2068        2082        2084        2090        2092
        2107        2109        2111        2129        2131
        2129        2131        2133        2139        4086
        2188        2202        2204        2210        2212
        2227        2229        2231        2249        2251
        2249        2251        2253        2259        2261
        2319        2333        2335        2341        2343
        2358        2360        2362        2380        2382
        2380        2382        2384        2390         688
        2439        2453        2455        2461        2463
        2478        2480        2482        2500        2502
        2500        2502        2504        2510        2512
        2570        2584        2586        2592        2594
        2609        2611        2613        2631        2633
        2631        2633        2635        2641        2643
        2701        2715        2717        2723        2725
        2740        2742        2744        2760        2797
        2760        2797        2799        2805        2807
        2865        2879        2881        2887        2889
        2904        2906        2908        2926        2928
        2926        2928        2930        2936        2938
        2996        3010        3012        3018        3020
        3035        3037        3039        3055        3092
        3055        3092        3094        3100        3102
        3160        3174        3176        3182        3184
        3199        3201        3203        3221        3223
        3221        3223        3225        3231        1616
        3280        3294        3296        3302        3304
        3319        3321        3323        3339        3378
        3339        3378        3380        3386        3388
        3446        3460        3462        3468        3470
        3485        3487        3489        3507        3509
        3507        3509        3511        3517        3519
        3577        3591        3593        3599        3601
        3616        3618        3620        3638        3640
        3638        3640        3642        3648        3650
        3708        3722        3724        3730        3732
        3747        3749        3751        3769        3771
        3769        3771        3773        3779        5586
        3828        3842        3844        3850        3852
        3867        3869        3871        3887        3924
        3887        3924        3926        3932        3934
        3992        4006        4008        4014        4016
        4031        4033        4035        4051        4088
        4051        4088        4090        4096        4098
        4156        4170        4172        4178        4180
        4195        4197        4199        4215        4254
        4215        4254        4256        4262        4264
        4322        4336        4338        4344        4346
        4361        4363        4365        4383        4385
        4383        4385        4387        4393        6012
        4442        4456        4458        4464        4466
        4481        4483        4485        4501        4540
        4501        4540        4542        4548        4550
        4608        4622        4624        4630        4632
        4647        4649        4651        4669        4671
        4669        4671        4673        4679        6635
        4728        4742        4744        4750        4752
        4767        4769        4771        4789        4791
        4789        4791        4793        4799        4801
        4859        4873        4875        4881        4883
        4898        4900        4902        4920        4922
        4920        4922        4924        4930        3090
        4979        4993        4995        5001        5003
        5018        5020        5022        5040        5042
        5040        5042        5044        5050        5052
        5110        5124        5126        5132        5134
        5149        5151        5153        5171        5173
        5171        5173        5175        5181        6963
        5230        5244        5246        5252        5254
        5269        5271        5273        5291        5293
        5291        5293        5295        5301        5303
        5361        5375        5377        5383        5385
        5400        5402        5404        5422        5424
        5422        5424        5426        5432        5434
        5492        5506        5508        5514        5516
        5531        5533        5535        5551        5588
        5551        5588        5590        5596        5598
        5656        5670        5672        5678        5680
        5695        5697        5699        5717        5719
        5717        5719        5721        5727        5729
        5787        5801        5803        5809        5811
        5826        5828        5830        5848        5850
        5848        5850        5852        5858        5860
        5918        5932        5934        5940        5942
        5957        5959        5961        5977        6014
        5977        6014        6016        6022        6024
        6082        6096        6098        6104        6106
        6121        6123        6125        6141        6178
        6141        6178        6180        6186        6188
        6246        6260        6262        6268        6270
        6285        6287        6289        6307        6309
        6307        6309        6311        6317        6319
        6377        6391        6393        6399        6401
        6416        6418        6420        6436        6473
        6436        6473        6475        6481        6483
        6541        6555        6557        6563        6565
        6580        6582        6584        6600        6637
        6600        6637        6639        6645        6647
        6705        6719        6721        6727        6729
        6744        6746        6748        6764        6801
        6764        6801        6803        6809        6811
        6869        6883        6885        6891        6893
        6908        6910        6912        6928        6965
        6928        6965        6967        6973        6975
        7033        7047        7049        7055        7057
        7072        7074        7076        7092        7129
        7092        7129        7131        7137        7139
        7197        7211        7213        7219        7221
        7236        7238        7240        7258        7260
        7258        7260        7262        7268        7270
        7328        7342        7344        7350        7352
        7367        7369        7371        7389        7391
        7389        7391        7393        7399        7401
        7459        7473        7475        7481        7483
        7498        7500        7502        7518        7557
        7518        7557        7559        7565        7567
        7625        7639        7641        7647        7649
        7664        7666        7668        7684        7721
        7684        7721        7723        7729        7731
        7789        7803        7805        7811        7813
        7828        7830        7832        7850        7852
        7850        7852        7854        7860        7862
        7920        7934        7936        7942        7944
        7959        7961        7963        7981        7983
        7981        7983        7985        7991        6176
        8040        8054        8056        8062        8064
        8079        8081        8083        8101        8103
        8101        8103        8105        8111        9806
        8160        8174        8176        8182        8184
        8199        8201        8203        8219        8258
        8219        8258        8260        8266        8268
        8326        8340        8342        8348        8350
        8365        8367        8369        8387        8389
        8387        8389        8391        8397        6471
        8446        8460        8462        8468        8470
        8485        8487        8489        8507        8509
        8507        8509        8511        8517       10429
        8566        8580        8582        8588        8590
        8605        8607        8609        8627        8629
        8627        8629        8631        8637        6799
        8686        8700        8702        8708        8710
        8725        8727        8729        8747        8749
        8747        8749        8751        8757        8759
        8817        8831        8833        8839        8841
        8856        8858        8860        8878        8880
        8878        8880        8882        8888        7127
        8937        8951        8953        8959        8961
        8976        8978        8980        8998        9000
        8998        9000        9002        9008        9010
        9068        9082        9084        9090        9092
        9107        9109        9111        9129        9131
        9129        9131        9133        9139        9141
        9199        9213        9215        9221        9223
        9238        9240        9242        9260        9262
        9260        9262        9264        9270        9272
        9330        9344        9346        9352        9354
        9369        9371        9373        9391        9393
        9391        9393        9395        9401        7719
        9450        9464        9466        9472        9474
        9489        9491        9493        9511        9513
        9511        9513        9515        9521        9523
        9581        9595        9597        9603        9605
        9620        9622        9624        9642        9644
        9642        9644        9646        9652        9654
        9712        9726        9728        9734        9736
        9751        9753        9755        9771        9808
        9771        9808        9810        9816        9818
        9876        9890        9892        9898        9900
        9915        9917        9919        9935        9972
        9935        9972        9974        9980        9982
       10040       10054       10056       10062       10064
       10079       10081       10083       10099       10136
       10099       10136       10138       10144       10146
       10204       10218       10220       10226       10228
       10243       10245       10247       10265       10267
       10265       10267       10269       10275       10277
       10335       10349       10351       10357       10359
       10374       10376       10378       10394       10431
       10394       10431       10433       10439       10441
       10499       10513       10515       10521       10523
       10538       10540       10542       10560       10562
       10560       10562       10564       10570       10572
       10630       10644       10646       10652       10654
       10669       10671       10673       10691       10693
       10691       10693       10695       10701       12353
       10750       10764       10766       10772       10774
       10789       10791       10793       10809       10848
       10809       10848       10850       10856       10858
       10916       10930       10932       10938       10940
       10955       10957       10959       10977       10979
       10977       10979       10981       10987       10989
       11047       11061       11063       11069       11071
       11086       11088       11090       11108       11110
       11108       11110       11112       11118         273
       11167       11181       11183       11189       11191
       11206       11208       11210       11228       11230
       11228       11230       11232       11238       11240
       11298       11312       11314       11320       11322
       11337       11339       11341       11357       11394
       11357       11394       11396       11402       11404
       11462       11476       11478       11484       11486
       11501       11503       11505       11523       11525
       11523       11525       11527       11533       11535
       11593       11607       11609       11615       11617
       11632       11634       11636       11654       11656
       11654       11656       11658       11664        9970
       11713       11727       11729       11735       11737
       11752       11754       11756       11772       11809
       11772       11809       11811       11817       11819
       11877       11891       11893       11899       11901
       11916       11918       11920       11938       11940
       11938       11940       11942       11948       10134
       11997       12011       12013       12019       12021
       12036       12038       12040       12058       12060
       12058       12060       12062       12068       12070
       12128       12142       12144       12150       12152
       12167       12169       12171       12189       12191
       12189       12191       12193       12199       12201
       12259       12273       12275       12281       12283
       12298       12300       12302       12318       12355
       12318       12355       12357       12363       12365
       12423       12437       12439       12445       12447
       12462       12464       12466       12484       12486
       12484       12486       12488       12494       12496
       12554       12568       12570       12576       12578
       12593       12595       12597       12615       12617
       12615       12617       12619       12625       12627
