           8          10           9           6
          10          12           8          11
          35          37          36          33
          37          39          35          38
          76          78          74          77
          76          74          78          77
          78          76          79          80
          78          76          80          79
         129         123         131         130
         139         141         140         137
         141         143         139         142
         166         168         167         164
         168         170         166         169
         207         209         205         208
         207         205         209         208
         209         207         210         211
         209         207         211         210
         293         287         295         294
         303         305         304         301
         305         307         303         306
         330         332         331         328
         332         334         330         333
         371         373         369         372
         371         369         373         372
         373         371         374         375
         373         371         375         374
         424         418         426         425
         434         436         435         432
         436         438         434         437
         461         463         462         459
         463         465         461         464
         502         504         500         503
         502         500         504         503
         504         502         505         506
         504         502         506         505
         554         556         555         552
         556         558         554         557
         581         583         582         579
         583         585         581         584
         622         624         620         623
         622         620         624         623
         624         622         625         626
         624         622         626         625
         708         702         710         709
         718         720         719         716
         720         722         718         721
         745         747         746         743
         747         749         745         748
         786         788         784         787
         786         784         788         787
         788         786         789         790
         788         786         790         789
         838         840         839         836
         840         842         838         841
         865         867         866         863
         867         869         865         868
         906         908         904         907
         906         904         908         907
         908         906         909         910
         908         906         910         909
         959         953         961         960
         969         971         970         967
         971         973         969         972
         996         998         997         994
         998        1000         996         999
        1037        1039        1035        1038
        1037        1035        1039        1038
        1039        1037        1040        1041
        1039        1037        1041        1040
        1089        1091        1090        1087
        1091        1093        1089        1092
        1116        1118        1117        1114
        1118        1120        1116        1119
        1157        1159        1155        1158
        1157        1155        1159        1158
        1159        1157        1160        1161
        1159        1157        1161        1160
        1210        1204        1212        1211
        1220        1222        1221        1218
        1222        1224        1220        1223
        1247        1249        1248        1245
        1249        1251        1247        1250
        1288        1290        1286        1289
        1288        1286        1290        1289
        1290        1288        1291        1292
        1290        1288        1292        1291
        1341        1335        1343        1342
        1351        1353        1352        1349
        1353        1355        1351        1354
        1378        1380        1379        1376
        1380        1382        1378        1381
        1419        1421        1417        1420
        1419        1417        1421        1420
        1421        1419        1422        1423
        1421        1419        1423        1422
        1472        1466        1474        1473
        1482        1484        1483        1480
        1484        1486        1482        1485
        1509        1511        1510        1507
        1511        1513        1509        1512
        1550        1552        1548        1551
        1550        1548        1552        1551
        1552        1550        1553        1554
        1552        1550        1554        1553
        1636        1630        1638        1637
        1646        1648        1647        1644
        1648        1650        1646        1649
        1673        1675        1674        1671
        1675        1677        1673        1676
        1714        1716        1712        1715
        1714        1712        1716        1715
        1716        1714        1717        1718
        1716        1714        1718        1717
        1767        1761        1769        1768
        1777        1779        1778        1775
        1779        1781        1777        1780
        1804        1806        1805        1802
        1806        1808        1804        1807
        1845        1847        1843        1846
        1845        1843        1847        1846
        1847        1845        1848        1849
        1847        1845        1849        1848
        1898        1892        1900        1899
        1908        1910        1909        1906
        1910        1912        1908        1911
        1935        1937        1936        1933
        1937        1939        1935        1938
        1976        1978        1974        1977
        1976        1974        1978        1977
        1978        1976        1979        1980
        1978        1976        1980        1979
        2028        2030        2029        2026
        2030        2032        2028        2031
        2055        2057        2056        2053
        2057        2059        2055        2058
        2096        2098        2094        2097
        2096        2094        2098        2097
        2098        2096        2099        2100
        2098        2096        2100        2099
        2148        2150        2149        2146
        2150        2152        2148        2151
        2175        2177        2176        2173
        2177        2179        2175        2178
        2216        2218        2214        2217
        2216        2214        2218        2217
        2218        2216        2219        2220
        2218        2216        2220        2219
        2269        2263        2271        2270
        2279        2281        2280        2277
        2281        2283        2279        2282
        2306        2308        2307        2304
        2308        2310        2306        2309
        2347        2349        2345        2348
        2347        2345        2349        2348
        2349        2347        2350        2351
        2349        2347        2351        2350
        2399        2401        2400        2397
        2401        2403        2399        2402
        2426        2428        2427        2424
        2428        2430        2426        2429
        2467        2469        2465        2468
        2467        2465        2469        2468
        2469        2467        2470        2471
        2469        2467        2471        2470
        2520        2514        2522        2521
        2530        2532        2531        2528
        2532        2534        2530        2533
        2557        2559        2558        2555
        2559        2561        2557        2560
        2598        2600        2596        2599
        2598        2596        2600        2599
        2600        2598        2601        2602
        2600        2598        2602        2601
        2651        2645        2653        2652
        2661        2663        2662        2659
        2663        2665        2661        2664
        2688        2690        2689        2686
        2690        2692        2688        2691
        2729        2731        2727        2730
        2729        2727        2731        2730
        2731        2729        2732        2733
        2731        2729        2733        2732
        2815        2809        2817        2816
        2825        2827        2826        2823
        2827        2829        2825        2828
        2852        2854        2853        2850
        2854        2856        2852        2855
        2893        2895        2891        2894
        2893        2891        2895        2894
        2895        2893        2896        2897
        2895        2893        2897        2896
        2946        2940        2948        2947
        2956        2958        2957        2954
        2958        2960        2956        2959
        2983        2985        2984        2981
        2985        2987        2983        2986
        3024        3026        3022        3025
        3024        3022        3026        3025
        3026        3024        3027        3028
        3026        3024        3028        3027
        3110        3104        3112        3111
        3120        3122        3121        3118
        3122        3124        3120        3123
        3147        3149        3148        3145
        3149        3151        3147        3150
        3188        3190        3186        3189
        3188        3186        3190        3189
        3190        3188        3191        3192
        3190        3188        3192        3191
        3240        3242        3241        3238
        3242        3244        3240        3243
        3267        3269        3268        3265
        3269        3271        3267        3270
        3308        3310        3306        3309
        3308        3306        3310        3309
        3310        3308        3311        3312
        3310        3308        3312        3311
        3396        3390        3398        3397
        3406        3408        3407        3404
        3408        3410        3406        3409
        3433        3435        3434        3431
        3435        3437        3433        3436
        3474        3476        3472        3475
        3474        3472        3476        3475
        3476        3474        3477        3478
        3476        3474        3478        3477
        3527        3521        3529        3528
        3537        3539        3538        3535
        3539        3541        3537        3540
        3564        3566        3565        3562
        3566        3568        3564        3567
        3605        3607        3603        3606
        3605        3603        3607        3606
        3607        3605        3608        3609
        3607        3605        3609        3608
        3658        3652        3660        3659
        3668        3670        3669        3666
        3670        3672        3668        3671
        3695        3697        3696        3693
        3697        3699        3695        3698
        3736        3738        3734        3737
        3736        3734        3738        3737
        3738        3736        3739        3740
        3738        3736        3740        3739
        3788        3790        3789        3786
        3790        3792        3788        3791
        3815        3817        3816        3813
        3817        3819        3815        3818
        3856        3858        3854        3857
        3856        3854        3858        3857
        3858        3856        3859        3860
        3858        3856        3860        3859
        3942        3936        3944        3943
        3952        3954        3953        3950
        3954        3956        3952        3955
        3979        3981        3980        3977
        3981        3983        3979        3982
        4020        4022        4018        4021
        4020        4018        4022        4021
        4022        4020        4023        4024
        4022        4020        4024        4023
        4106        4100        4108        4107
        4116        4118        4117        4114
        4118        4120        4116        4119
        4143        4145        4144        4141
        4145        4147        4143        4146
        4184        4186        4182        4185
        4184        4182        4186        4185
        4186        4184        4187        4188
        4186        4184        4188        4187
        4272        4266        4274        4273
        4282        4284        4283        4280
        4284        4286        4282        4285
        4309        4311        4310        4307
        4311        4313        4309        4312
        4350        4352        4348        4351
        4350        4348        4352        4351
        4352        4350        4353        4354
        4352        4350        4354        4353
        4402        4404        4403        4400
        4404        4406        4402        4405
        4429        4431        4430        4427
        4431        4433        4429        4432
        4470        4472        4468        4471
        4470        4468        4472        4471
        4472        4470        4473        4474
        4472        4470        4474        4473
        4558        4552        4560        4559
        4568        4570        4569        4566
        4570        4572        4568        4571
        4595        4597        4596        4593
        4597        4599        4595        4598
        4636        4638        4634        4637
        4636        4634        4638        4637
        4638        4636        4639        4640
        4638        4636        4640        4639
        4688        4690        4689        4686
        4690        4692        4688        4691
        4715        4717        4716        4713
        4717        4719        4715        4718
        4756        4758        4754        4757
        4756        4754        4758        4757
        4758        4756        4759        4760
        4758        4756        4760        4759
        4809        4803        4811        4810
        4819        4821        4820        4817
        4821        4823        4819        4822
        4846        4848        4847        4844
        4848        4850        4846        4849
        4887        4889        4885        4888
        4887        4885        4889        4888
        4889        4887        4890        4891
        4889        4887        4891        4890
        4939        4941        4940        4937
        4941        4943        4939        4942
        4966        4968        4967        4964
        4968        4970        4966        4969
        5007        5009        5005        5008
        5007        5005        5009        5008
        5009        5007        5010        5011
        5009        5007        5011        5010
        5060        5054        5062        5061
        5070        5072        5071        5068
        5072        5074        5070        5073
        5097        5099        5098        5095
        5099        5101        5097        5100
        5138        5140        5136        5139
        5138        5136        5140        5139
        5140        5138        5141        5142
        5140        5138        5142        5141
        5190        5192        5191        5188
        5192        5194        5190        5193
        5217        5219        5218        5215
        5219        5221        5217        5220
        5258        5260        5256        5259
        5258        5256        5260        5259
        5260        5258        5261        5262
        5260        5258        5262        5261
        5311        5305        5313        5312
        5321        5323        5322        5319
        5323        5325        5321        5324
        5348        5350        5349        5346
        5350        5352        5348        5351
        5389        5391        5387        5390
        5389        5387        5391        5390
        5391        5389        5392        5393
        5391        5389        5393        5392
        5442        5436        5444        5443
        5452        5454        5453        5450
        5454        5456        5452        5455
        5479        5481        5480        5477
        5481        5483        5479        5482
        5520        5522        5518        5521
        5520        5518        5522        5521
        5522        5520        5523        5524
        5522        5520        5524        5523
        5606        5600        5608        5607
        5616        5618        5617        5614
        5618        5620        5616        5619
        5643        5645        5644        5641
        5645        5647        5643        5646
        5684        5686        5682        5685
        5684        5682        5686        5685
        5686        5684        5687        5688
        5686        5684        5688        5687
        5737        5731        5739        5738
        5747        5749        5748        5745
        5749        5751        5747        5750
        5774        5776        5775        5772
        5776        5778        5774        5777
        5815        5817        5813        5816
        5815        5813        5817        5816
        5817        5815        5818        5819
        5817        5815        5819        5818
        5868        5862        5870        5869
        5878        5880        5879        5876
        5880        5882        5878        5881
        5905        5907        5906        5903
        5907        5909        5905        5908
        5946        5948        5944        5947
        5946        5944        5948        5947
        5948        5946        5949        5950
        5948        5946        5950        5949
        6032        6026        6034        6033
        6042        6044        6043        6040
        6044        6046        6042        6045
        6069        6071        6070        6067
        6071        6073        6069        6072
        6110        6112        6108        6111
        6110        6108        6112        6111
        6112        6110        6113        6114
        6112        6110        6114        6113
        6196        6190        6198        6197
        6206        6208        6207        6204
        6208        6210        6206        6209
        6233        6235        6234        6231
        6235        6237        6233        6236
        6274        6276        6272        6275
        6274        6272        6276        6275
        6276        6274        6277        6278
        6276        6274        6278        6277
        6327        6321        6329        6328
        6337        6339        6338        6335
        6339        6341        6337        6340
        6364        6366        6365        6362
        6366        6368        6364        6367
        6405        6407        6403        6406
        6405        6403        6407        6406
        6407        6405        6408        6409
        6407        6405        6409        6408
        6491        6485        6493        6492
        6501        6503        6502        6499
        6503        6505        6501        6504
        6528        6530        6529        6526
        6530        6532        6528        6531
        6569        6571        6567        6570
        6569        6567        6571        6570
        6571        6569        6572        6573
        6571        6569        6573        6572
        6655        6649        6657        6656
        6665        6667        6666        6663
        6667        6669        6665        6668
        6692        6694        6693        6690
        6694        6696        6692        6695
        6733        6735        6731        6734
        6733        6731        6735        6734
        6735        6733        6736        6737
        6735        6733        6737        6736
        6819        6813        6821        6820
        6829        6831        6830        6827
        6831        6833        6829        6832
        6856        6858        6857        6854
        6858        6860        6856        6859
        6897        6899        6895        6898
        6897        6895        6899        6898
        6899        6897        6900        6901
        6899        6897        6901        6900
        6983        6977        6985        6984
        6993        6995        6994        6991
        6995        6997        6993        6996
        7020        7022        7021        7018
        7022        7024        7020        7023
        7061        7063        7059        7062
        7061        7059        7063        7062
        7063        7061        7064        7065
        7063        7061        7065        7064
        7147        7141        7149        7148
        7157        7159        7158        7155
        7159        7161        7157        7160
        7184        7186        7185        7182
        7186        7188        7184        7187
        7225        7227        7223        7226
        7225        7223        7227        7226
        7227        7225        7228        7229
        7227        7225        7229        7228
        7278        7272        7280        7279
        7288        7290        7289        7286
        7290        7292        7288        7291
        7315        7317        7316        7313
        7317        7319        7315        7318
        7356        7358        7354        7357
        7356        7354        7358        7357
        7358        7356        7359        7360
        7358        7356        7360        7359
        7409        7403        7411        7410
        7419        7421        7420        7417
        7421        7423        7419        7422
        7446        7448        7447        7444
        7448        7450        7446        7449
        7487        7489        7485        7488
        7487        7485        7489        7488
        7489        7487        7490        7491
        7489        7487        7491        7490
        7575        7569        7577        7576
        7585        7587        7586        7583
        7587        7589        7585        7588
        7612        7614        7613        7610
        7614        7616        7612        7615
        7653        7655        7651        7654
        7653        7651        7655        7654
        7655        7653        7656        7657
        7655        7653        7657        7656
        7739        7733        7741        7740
        7749        7751        7750        7747
        7751        7753        7749        7752
        7776        7778        7777        7774
        7778        7780        7776        7779
        7817        7819        7815        7818
        7817        7815        7819        7818
        7819        7817        7820        7821
        7819        7817        7821        7820
        7870        7864        7872        7871
        7880        7882        7881        7878
        7882        7884        7880        7883
        7907        7909        7908        7905
        7909        7911        7907        7910
        7948        7950        7946        7949
        7948        7946        7950        7949
        7950        7948        7951        7952
        7950        7948        7952        7951
        8000        8002        8001        7998
        8002        8004        8000        8003
        8027        8029        8028        8025
        8029        8031        8027        8030
        8068        8070        8066        8069
        8068        8066        8070        8069
        8070        8068        8071        8072
        8070        8068        8072        8071
        8120        8122        8121        8118
        8122        8124        8120        8123
        8147        8149        8148        8145
        8149        8151        8147        8150
        8188        8190        8186        8189
        8188        8186        8190        8189
        8190        8188        8191        8192
        8190        8188        8192        8191
        8276        8270        8278        8277
        8286        8288        8287        8284
        8288        8290        8286        8289
        8313        8315        8314        8311
        8315        8317        8313        8316
        8354        8356        8352        8355
        8354        8352        8356        8355
        8356        8354        8357        8358
        8356        8354        8358        8357
        8406        8408        8407        8404
        8408        8410        8406        8409
        8433        8435        8434        8431
        8435        8437        8433        8436
        8474        8476        8472        8475
        8474        8472        8476        8475
        8476        8474        8477        8478
        8476        8474        8478        8477
        8526        8528        8527        8524
        8528        8530        8526        8529
        8553        8555        8554        8551
        8555        8557        8553        8556
        8594        8596        8592        8595
        8594        8592        8596        8595
        8596        8594        8597        8598
        8596        8594        8598        8597
        8646        8648        8647        8644
        8648        8650        8646        8649
        8673        8675        8674        8671
        8675        8677        8673        8676
        8714        8716        8712        8715
        8714        8712        8716        8715
        8716        8714        8717        8718
        8716        8714        8718        8717
        8767        8761        8769        8768
        8777        8779        8778        8775
        8779        8781        8777        8780
        8804        8806        8805        8802
        8806        8808        8804        8807
        8845        8847        8843        8846
        8845        8843        8847        8846
        8847        8845        8848        8849
        8847        8845        8849        8848
        8897        8899        8898        8895
        8899        8901        8897        8900
        8924        8926        8925        8922
        8926        8928        8924        8927
        8965        8967        8963        8966
        8965        8963        8967        8966
        8967        8965        8968        8969
        8967        8965        8969        8968
        9018        9012        9020        9019
        9028        9030        9029        9026
        9030        9032        9028        9031
        9055        9057        9056        9053
        9057        9059        9055        9058
        9096        9098        9094        9097
        9096        9094        9098        9097
        9098        9096        9099        9100
        9098        9096        9100        9099
        9149        9143        9151        9150
        9159        9161        9160        9157
        9161        9163        9159        9162
        9186        9188        9187        9184
        9188        9190        9186        9189
        9227        9229        9225        9228
        9227        9225        9229        9228
        9229        9227        9230        9231
        9229        9227        9231        9230
        9280        9274        9282        9281
        9290        9292        9291        9288
        9292        9294        9290        9293
        9317        9319        9318        9315
        9319        9321        9317        9320
        9358        9360        9356        9359
        9358        9356        9360        9359
        9360        9358        9361        9362
        9360        9358        9362        9361
        9410        9412        9411        9408
        9412        9414        9410        9413
        9437        9439        9438        9435
        9439        9441        9437        9440
        9478        9480        9476        9479
        9478        9476        9480        9479
        9480        9478        9481        9482
        9480        9478        9482        9481
        9531        9525        9533        9532
        9541        9543        9542        9539
        9543        9545        9541        9544
        9568        9570        9569        9566
        9570        9572        9568        9571
        9609        9611        9607        9610
        9609        9607        9611        9610
        9611        9609        9612        9613
        9611        9609        9613        9612
        9662        9656        9664        9663
        9672        9674        9673        9670
        9674        9676        9672        9675
        9699        9701        9700        9697
        9701        9703        9699        9702
        9740        9742        9738        9741
        9740        9738        9742        9741
        9742        9740        9743        9744
        9742        9740        9744        9743
        9826        9820        9828        9827
        9836        9838        9837        9834
        9838        9840        9836        9839
        9863        9865        9864        9861
        9865        9867        9863        9866
        9904        9906        9902        9905
        9904        9902        9906        9905
        9906        9904        9907        9908
        9906        9904        9908        9907
        9990        9984        9992        9991
       10000       10002       10001        9998
       10002       10004       10000       10003
       10027       10029       10028       10025
       10029       10031       10027       10030
       10068       10070       10066       10069
       10068       10066       10070       10069
       10070       10068       10071       10072
       10070       10068       10072       10071
       10154       10148       10156       10155
       10164       10166       10165       10162
       10166       10168       10164       10167
       10191       10193       10192       10189
       10193       10195       10191       10194
       10232       10234       10230       10233
       10232       10230       10234       10233
       10234       10232       10235       10236
       10234       10232       10236       10235
       10285       10279       10287       10286
       10295       10297       10296       10293
       10297       10299       10295       10298
       10322       10324       10323       10320
       10324       10326       10322       10325
       10363       10365       10361       10364
       10363       10361       10365       10364
       10365       10363       10366       10367
       10365       10363       10367       10366
       10449       10443       10451       10450
       10459       10461       10460       10457
       10461       10463       10459       10462
       10486       10488       10487       10484
       10488       10490       10486       10489
       10527       10529       10525       10528
       10527       10525       10529       10528
       10529       10527       10530       10531
       10529       10527       10531       10530
       10580       10574       10582       10581
       10590       10592       10591       10588
       10592       10594       10590       10593
       10617       10619       10618       10615
       10619       10621       10617       10620
       10658       10660       10656       10659
       10658       10656       10660       10659
       10660       10658       10661       10662
       10660       10658       10662       10661
       10710       10712       10711       10708
       10712       10714       10710       10713
       10737       10739       10738       10735
       10739       10741       10737       10740
       10778       10780       10776       10779
       10778       10776       10780       10779
       10780       10778       10781       10782
       10780       10778       10782       10781
       10866       10860       10868       10867
       10876       10878       10877       10874
       10878       10880       10876       10879
       10903       10905       10904       10901
       10905       10907       10903       10906
       10944       10946       10942       10945
       10944       10942       10946       10945
       10946       10944       10947       10948
       10946       10944       10948       10947
       10997       10991       10999       10998
       11007       11009       11008       11005
       11009       11011       11007       11010
       11034       11036       11035       11032
       11036       11038       11034       11037
       11075       11077       11073       11076
       11075       11073       11077       11076
       11077       11075       11078       11079
       11077       11075       11079       11078
       11127       11129       11128       11125
       11129       11131       11127       11130
       11154       11156       11155       11152
       11156       11158       11154       11157
       11195       11197       11193       11196
       11195       11193       11197       11196
       11197       11195       11198       11199
       11197       11195       11199       11198
       11248       11242       11250       11249
       11258       11260       11259       11256
       11260       11262       11258       11261
       11285       11287       11286       11283
       11287       11289       11285       11288
       11326       11328       11324       11327
       11326       11324       11328       11327
       11328       11326       11329       11330
       11328       11326       11330       11329
       11412       11406       11414       11413
       11422       11424       11423       11420
       11424       11426       11422       11425
       11449       11451       11450       11447
       11451       11453       11449       11452
       11490       11492       11488       11491
       11490       11488       11492       11491
       11492       11490       11493       11494
       11492       11490       11494       11493
       11543       11537       11545       11544
       11553       11555       11554       11551
       11555       11557       11553       11556
       11580       11582       11581       11578
       11582       11584       11580       11583
       11621       11623       11619       11622
       11621       11619       11623       11622
       11623       11621       11624       11625
       11623       11621       11625       11624
       11673       11675       11674       11671
       11675       11677       11673       11676
       11700       11702       11701       11698
       11702       11704       11700       11703
       11741       11743       11739       11742
       11741       11739       11743       11742
       11743       11741       11744       11745
       11743       11741       11745       11744
       11827       11821       11829       11828
       11837       11839       11838       11835
       11839       11841       11837       11840
       11864       11866       11865       11862
       11866       11868       11864       11867
       11905       11907       11903       11906
       11905       11903       11907       11906
       11907       11905       11908       11909
       11907       11905       11909       11908
       11957       11959       11958       11955
       11959       11961       11957       11960
       11984       11986       11985       11982
       11986       11988       11984       11987
       12025       12027       12023       12026
       12025       12023       12027       12026
       12027       12025       12028       12029
       12027       12025       12029       12028
       12078       12072       12080       12079
       12088       12090       12089       12086
       12090       12092       12088       12091
       12115       12117       12116       12113
       12117       12119       12115       12118
       12156       12158       12154       12157
       12156       12154       12158       12157
       12158       12156       12159       12160
       12158       12156       12160       12159
       12209       12203       12211       12210
       12219       12221       12220       12217
       12221       12223       12219       12222
       12246       12248       12247       12244
       12248       12250       12246       12249
       12287       12289       12285       12288
       12287       12285       12289       12288
       12289       12287       12290       12291
       12289       12287       12291       12290
       12373       12367       12375       12374
       12383       12385       12384       12381
       12385       12387       12383       12386
       12410       12412       12411       12408
       12412       12414       12410       12413
       12451       12453       12449       12452
       12451       12449       12453       12452
       12453       12451       12454       12455
       12453       12451       12455       12454
       12504       12498       12506       12505
       12514       12516       12515       12512
       12516       12518       12514       12517
       12541       12543       12542       12539
       12543       12545       12541       12544
       12582       12584       12580       12583
       12582       12580       12584       12583
       12584       12582       12585       12586
       12584       12582       12586       12585
       12635       12629       12637       12636
          48          46          62          49
          62          48          64          63
          70          64          72          71
          72          70          74          73
          87          84          89          88
          89          87          91          90
         109          91         111         110
         111         109         113         112
         119         113         121         120
         121         119         123         122
         179         177         193         180
         193         179         195         194
         201         195         203         202
         203         201         205         204
         218         215         220         219
         220         218         222         221
         238         222         275         239
         240         242         236         241
         247         249         245         248
         254         256         252         255
         261         263         259         262
         268         270         266         269
         275         238         277         276
         283         277         285         284
         285         283         287         286
         343         341         357         344
         357         343         359         358
         365         359         367         366
         367         365         369         368
         382         379         384         383
         384         382         386         385
         404         386         406         405
         406         404         408         407
         414         408         416         415
         416         414         418         417
         474         472         488         475
         488         474         490         489
         496         490         498         497
         498         496         500         499
         513         510         515         514
         515         513         517         516
         535         517         537         536
         537         535         539         538
         545         539       11392         546
         594         592         608         595
         608         594         610         609
         616         610         618         617
         618         616         620         619
         633         630         635         634
         635         633         637         636
         653         637         690         654
         655         657         651         656
         662         664         660         663
         669         671         667         670
         676         678         674         677
         683         685         681         684
         690         653         692         691
         698         692         700         699
         700         698         702         701
         758         756         772         759
         772         758         774         773
         780         774         782         781
         782         780         784         783
         797         794         799         798
         799         797         801         800
         819         801         821         820
         821         819         823         822
         829         823       11807         830
         878         876         892         879
         892         878         894         893
         900         894         902         901
         902         900         904         903
         917         914         919         918
         919         917         921         920
         939         921         941         940
         941         939         943         942
         949         943         951         950
         951         949         953         952
        1009        1007        1023        1010
        1023        1009        1025        1024
        1031        1025        1033        1032
        1033        1031        1035        1034
        1048        1045        1050        1049
        1050        1048        1052        1051
        1070        1052        1072        1071
        1072        1070        1074        1073
        1080        1074        2795        1081
        1129        1127        1143        1130
        1143        1129        1145        1144
        1151        1145        1153        1152
        1153        1151        1155        1154
        1168        1165        1170        1169
        1170        1168        1172        1171
        1190        1172        1192        1191
        1192        1190        1194        1193
        1200        1194        1202        1201
        1202        1200        1204        1203
        1260        1258        1274        1261
        1274        1260        1276        1275
        1282        1276        1284        1283
        1284        1282        1286        1285
        1299        1296        1301        1300
        1301        1299        1303        1302
        1321        1303        1323        1322
        1323        1321        1325        1324
        1331        1325        1333        1332
        1333        1331        1335        1334
        1391        1389        1405        1392
        1405        1391        1407        1406
        1413        1407        1415        1414
        1415        1413        1417        1416
        1430        1427        1432        1431
        1432        1430        1434        1433
        1452        1434        1454        1453
        1454        1452        1456        1455
        1462        1456        1464        1463
        1464        1462        1466        1465
        1522        1520        1536        1523
        1536        1522        1538        1537
        1544        1538        1546        1545
        1546        1544        1548        1547
        1561        1558        1563        1562
        1563        1561        1565        1564
        1581        1565        1618        1582
        1583        1585        1579        1584
        1590        1592        1588        1591
        1597        1599        1595        1598
        1604        1606        1602        1605
        1611        1613        1609        1612
        1618        1581        1620        1619
        1626        1620        1628        1627
        1628        1626        1630        1629
        1686        1684        1700        1687
        1700        1686        1702        1701
        1708        1702        1710        1709
        1710        1708        1712        1711
        1725        1722        1727        1726
        1727        1725        1729        1728
        1747        1729        1749        1748
        1749        1747        1751        1750
        1757        1751        1759        1758
        1759        1757        1761        1760
        1817        1815        1831        1818
        1831        1817        1833        1832
        1839        1833        1841        1840
        1841        1839        1843        1842
        1856        1853        1858        1857
        1858        1856        1860        1859
        1878        1860        1880        1879
        1880        1878        1882        1881
        1888        1882        1890        1889
        1890        1888        1892        1891
        1948        1946        1962        1949
        1962        1948        1964        1963
        1970        1964        1972        1971
        1972        1970        1974        1973
        1987        1984        1989        1988
        1989        1987        1991        1990
        2009        1991        2011        2010
        2011        2009        2013        2012
        2019        2013        3922        2020
        2068        2066        2082        2069
        2082        2068        2084        2083
        2090        2084        2092        2091
        2092        2090        2094        2093
        2107        2104        2109        2108
        2109        2107        2111        2110
        2129        2111        2131        2130
        2131        2129        2133        2132
        2139        2133        4086        2140
        2188        2186        2202        2189
        2202        2188        2204        2203
        2210        2204        2212        2211
        2212        2210        2214        2213
        2227        2224        2229        2228
        2229        2227        2231        2230
        2249        2231        2251        2250
        2251        2249        2253        2252
        2259        2253        2261        2260
        2261        2259        2263        2262
        2319        2317        2333        2320
        2333        2319        2335        2334
        2341        2335        2343        2342
        2343        2341        2345        2344
        2358        2355        2360        2359
        2360        2358        2362        2361
        2380        2362        2382        2381
        2382        2380        2384        2383
        2390        2384         688        2391
        2439        2437        2453        2440
        2453        2439        2455        2454
        2461        2455        2463        2462
        2463        2461        2465        2464
        2478        2475        2480        2479
        2480        2478        2482        2481
        2500        2482        2502        2501
        2502        2500        2504        2503
        2510        2504        2512        2511
        2512        2510        2514        2513
        2570        2568        2584        2571
        2584        2570        2586        2585
        2592        2586        2594        2593
        2594        2592        2596        2595
        2609        2606        2611        2610
        2611        2609        2613        2612
        2631        2613        2633        2632
        2633        2631        2635        2634
        2641        2635        2643        2642
        2643        2641        2645        2644
        2701        2699        2715        2702
        2715        2701        2717        2716
        2723        2717        2725        2724
        2725        2723        2727        2726
        2740        2737        2742        2741
        2742        2740        2744        2743
        2760        2744        2797        2761
        2762        2764        2758        2763
        2769        2771        2767        2770
        2776        2778        2774        2777
        2783        2785        2781        2784
        2790        2792        2788        2791
        2797        2760        2799        2798
        2805        2799        2807        2806
        2807        2805        2809        2808
        2865        2863        2879        2866
        2879        2865        2881        2880
        2887        2881        2889        2888
        2889        2887        2891        2890
        2904        2901        2906        2905
        2906        2904        2908        2907
        2926        2908        2928        2927
        2928        2926        2930        2929
        2936        2930        2938        2937
        2938        2936        2940        2939
        2996        2994        3010        2997
        3010        2996        3012        3011
        3018        3012        3020        3019
        3020        3018        3022        3021
        3035        3032        3037        3036
        3037        3035        3039        3038
        3055        3039        3092        3056
        3057        3059        3053        3058
        3064        3066        3062        3065
        3071        3073        3069        3072
        3078        3080        3076        3079
        3085        3087        3083        3086
        3092        3055        3094        3093
        3100        3094        3102        3101
        3102        3100        3104        3103
        3160        3158        3174        3161
        3174        3160        3176        3175
        3182        3176        3184        3183
        3184        3182        3186        3185
        3199        3196        3201        3200
        3201        3199        3203        3202
        3221        3203        3223        3222
        3223        3221        3225        3224
        3231        3225        1616        3232
        3280        3278        3294        3281
        3294        3280        3296        3295
        3302        3296        3304        3303
        3304        3302        3306        3305
        3319        3316        3321        3320
        3321        3319        3323        3322
        3339        3323        3378        3340
        3341        3343        3337        3342
        3348        3350        3346        3349
        3355        3357        3353        3356
        3362        3364        3360        3363
        3369        3371        3367        3370
        3378        3339        3380        3379
        3386        3380        3388        3387
        3388        3386        3390        3389
        3446        3444        3460        3447
        3460        3446        3462        3461
        3468        3462        3470        3469
        3470        3468        3472        3471
        3485        3482        3487        3486
        3487        3485        3489        3488
        3507        3489        3509        3508
        3509        3507        3511        3510
        3517        3511        3519        3518
        3519        3517        3521        3520
        3577        3575        3591        3578
        3591        3577        3593        3592
        3599        3593        3601        3600
        3601        3599        3603        3602
        3616        3613        3618        3617
        3618        3616        3620        3619
        3638        3620        3640        3639
        3640        3638        3642        3641
        3648        3642        3650        3649
        3650        3648        3652        3651
        3708        3706        3722        3709
        3722        3708        3724        3723
        3730        3724        3732        3731
        3732        3730        3734        3733
        3747        3744        3749        3748
        3749        3747        3751        3750
        3769        3751        3771        3770
        3771        3769        3773        3772
        3779        3773        5586        3780
        3828        3826        3842        3829
        3842        3828        3844        3843
        3850        3844        3852        3851
        3852        3850        3854        3853
        3867        3864        3869        3868
        3869        3867        3871        3870
        3887        3871        3924        3888
        3889        3891        3885        3890
        3896        3898        3894        3897
        3903        3905        3901        3904
        3910        3912        3908        3911
        3917        3919        3915        3918
        3924        3887        3926        3925
        3932        3926        3934        3933
        3934        3932        3936        3935
        3992        3990        4006        3993
        4006        3992        4008        4007
        4014        4008        4016        4015
        4016        4014        4018        4017
        4031        4028        4033        4032
        4033        4031        4035        4034
        4051        4035        4088        4052
        4053        4055        4049        4054
        4060        4062        4058        4061
        4067        4069        4065        4068
        4074        4076        4072        4075
        4081        4083        4079        4082
        4088        4051        4090        4089
        4096        4090        4098        4097
        4098        4096        4100        4099
        4156        4154        4170        4157
        4170        4156        4172        4171
        4178        4172        4180        4179
        4180        4178        4182        4181
        4195        4192        4197        4196
        4197        4195        4199        4198
        4215        4199        4254        4216
        4217        4219        4213        4218
        4224        4226        4222        4225
        4231        4233        4229        4232
        4238        4240        4236        4239
        4245        4247        4243        4246
        4254        4215        4256        4255
        4262        4256        4264        4263
        4264        4262        4266        4265
        4322        4320        4336        4323
        4336        4322        4338        4337
        4344        4338        4346        4345
        4346        4344        4348        4347
        4361        4358        4363        4362
        4363        4361        4365        4364
        4383        4365        4385        4384
        4385        4383        4387        4386
        4393        4387        6012        4394
        4442        4440        4456        4443
        4456        4442        4458        4457
        4464        4458        4466        4465
        4466        4464        4468        4467
        4481        4478        4483        4482
        4483        4481        4485        4484
        4501        4485        4540        4502
        4503        4505        4499        4504
        4510        4512        4508        4511
        4517        4519        4515        4518
        4524        4526        4522        4525
        4531        4533        4529        4532
        4540        4501        4542        4541
        4548        4542        4550        4549
        4550        4548        4552        4551
        4608        4606        4622        4609
        4622        4608        4624        4623
        4630        4624        4632        4631
        4632        4630        4634        4633
        4647        4644        4649        4648
        4649        4647        4651        4650
        4669        4651        4671        4670
        4671        4669        4673        4672
        4679        4673        6635        4680
        4728        4726        4742        4729
        4742        4728        4744        4743
        4750        4744        4752        4751
        4752        4750        4754        4753
        4767        4764        4769        4768
        4769        4767        4771        4770
        4789        4771        4791        4790
        4791        4789        4793        4792
        4799        4793        4801        4800
        4801        4799        4803        4802
        4859        4857        4873        4860
        4873        4859        4875        4874
        4881        4875        4883        4882
        4883        4881        4885        4884
        4898        4895        4900        4899
        4900        4898        4902        4901
        4920        4902        4922        4921
        4922        4920        4924        4923
        4930        4924        3090        4931
        4979        4977        4993        4980
        4993        4979        4995        4994
        5001        4995        5003        5002
        5003        5001        5005        5004
        5018        5015        5020        5019
        5020        5018        5022        5021
        5040        5022        5042        5041
        5042        5040        5044        5043
        5050        5044        5052        5051
        5052        5050        5054        5053
        5110        5108        5124        5111
        5124        5110        5126        5125
        5132        5126        5134        5133
        5134        5132        5136        5135
        5149        5146        5151        5150
        5151        5149        5153        5152
        5171        5153        5173        5172
        5173        5171        5175        5174
        5181        5175        6963        5182
        5230        5228        5244        5231
        5244        5230        5246        5245
        5252        5246        5254        5253
        5254        5252        5256        5255
        5269        5266        5271        5270
        5271        5269        5273        5272
        5291        5273        5293        5292
        5293        5291        5295        5294
        5301        5295        5303        5302
        5303        5301        5305        5304
        5361        5359        5375        5362
        5375        5361        5377        5376
        5383        5377        5385        5384
        5385        5383        5387        5386
        5400        5397        5402        5401
        5402        5400        5404        5403
        5422        5404        5424        5423
        5424        5422        5426        5425
        5432        5426        5434        5433
        5434        5432        5436        5435
        5492        5490        5506        5493
        5506        5492        5508        5507
        5514        5508        5516        5515
        5516        5514        5518        5517
        5531        5528        5533        5532
        5533        5531        5535        5534
        5551        5535        5588        5552
        5553        5555        5549        5554
        5560        5562        5558        5561
        5567        5569        5565        5568
        5574        5576        5572        5575
        5581        5583        5579        5582
        5588        5551        5590        5589
        5596        5590        5598        5597
        5598        5596        5600        5599
        5656        5654        5670        5657
        5670        5656        5672        5671
        5678        5672        5680        5679
        5680        5678        5682        5681
        5695        5692        5697        5696
        5697        5695        5699        5698
        5717        5699        5719        5718
        5719        5717        5721        5720
        5727        5721        5729        5728
        5729        5727        5731        5730
        5787        5785        5801        5788
        5801        5787        5803        5802
        5809        5803        5811        5810
        5811        5809        5813        5812
        5826        5823        5828        5827
        5828        5826        5830        5829
        5848        5830        5850        5849
        5850        5848        5852        5851
        5858        5852        5860        5859
        5860        5858        5862        5861
        5918        5916        5932        5919
        5932        5918        5934        5933
        5940        5934        5942        5941
        5942        5940        5944        5943
        5957        5954        5959        5958
        5959        5957        5961        5960
        5977        5961        6014        5978
        5979        5981        5975        5980
        5986        5988        5984        5987
        5993        5995        5991        5994
        6000        6002        5998        6001
        6007        6009        6005        6008
        6014        5977        6016        6015
        6022        6016        6024        6023
        6024        6022        6026        6025
        6082        6080        6096        6083
        6096        6082        6098        6097
        6104        6098        6106        6105
        6106        6104        6108        6107
        6121        6118        6123        6122
        6123        6121        6125        6124
        6141        6125        6178        6142
        6143        6145        6139        6144
        6150        6152        6148        6151
        6157        6159        6155        6158
        6164        6166        6162        6165
        6171        6173        6169        6172
        6178        6141        6180        6179
        6186        6180        6188        6187
        6188        6186        6190        6189
        6246        6244        6260        6247
        6260        6246        6262        6261
        6268        6262        6270        6269
        6270        6268        6272        6271
        6285        6282        6287        6286
        6287        6285        6289        6288
        6307        6289        6309        6308
        6309        6307        6311        6310
        6317        6311        6319        6318
        6319        6317        6321        6320
        6377        6375        6391        6378
        6391        6377        6393        6392
        6399        6393        6401        6400
        6401        6399        6403        6402
        6416        6413        6418        6417
        6418        6416        6420        6419
        6436        6420        6473        6437
        6438        6440        6434        6439
        6445        6447        6443        6446
        6452        6454        6450        6453
        6459        6461        6457        6460
        6466        6468        6464        6467
        6473        6436        6475        6474
        6481        6475        6483        6482
        6483        6481        6485        6484
        6541        6539        6555        6542
        6555        6541        6557        6556
        6563        6557        6565        6564
        6565        6563        6567        6566
        6580        6577        6582        6581
        6582        6580        6584        6583
        6600        6584        6637        6601
        6602        6604        6598        6603
        6609        6611        6607        6610
        6616        6618        6614        6617
        6623        6625        6621        6624
        6630        6632        6628        6631
        6637        6600        6639        6638
        6645        6639        6647        6646
        6647        6645        6649        6648
        6705        6703        6719        6706
        6719        6705        6721        6720
        6727        6721        6729        6728
        6729        6727        6731        6730
        6744        6741        6746        6745
        6746        6744        6748        6747
        6764        6748        6801        6765
        6766        6768        6762        6767
        6773        6775        6771        6774
        6780        6782        6778        6781
        6787        6789        6785        6788
        6794        6796        6792        6795
        6801        6764        6803        6802
        6809        6803        6811        6810
        6811        6809        6813        6812
        6869        6867        6883        6870
        6883        6869        6885        6884
        6891        6885        6893        6892
        6893        6891        6895        6894
        6908        6905        6910        6909
        6910        6908        6912        6911
        6928        6912        6965        6929
        6930        6932        6926        6931
        6937        6939        6935        6938
        6944        6946        6942        6945
        6951        6953        6949        6952
        6958        6960        6956        6959
        6965        6928        6967        6966
        6973        6967        6975        6974
        6975        6973        6977        6976
        7033        7031        7047        7034
        7047        7033        7049        7048
        7055        7049        7057        7056
        7057        7055        7059        7058
        7072        7069        7074        7073
        7074        7072        7076        7075
        7092        7076        7129        7093
        7094        7096        7090        7095
        7101        7103        7099        7102
        7108        7110        7106        7109
        7115        7117        7113        7116
        7122        7124        7120        7123
        7129        7092        7131        7130
        7137        7131        7139        7138
        7139        7137        7141        7140
        7197        7195        7211        7198
        7211        7197        7213        7212
        7219        7213        7221        7220
        7221        7219        7223        7222
        7236        7233        7238        7237
        7238        7236        7240        7239
        7258        7240        7260        7259
        7260        7258        7262        7261
        7268        7262        7270        7269
        7270        7268        7272        7271
        7328        7326        7342        7329
        7342        7328        7344        7343
        7350        7344        7352        7351
        7352        7350        7354        7353
        7367        7364        7369        7368
        7369        7367        7371        7370
        7389        7371        7391        7390
        7391        7389        7393        7392
        7399        7393        7401        7400
        7401        7399        7403        7402
        7459        7457        7473        7460
        7473        7459        7475        7474
        7481        7475        7483        7482
        7483        7481        7485        7484
        7498        7495        7500        7499
        7500        7498        7502        7501
        7518        7502        7557        7519
        7520        7522        7516        7521
        7527        7529        7525        7528
        7534        7536        7532        7535
        7541        7543        7539        7542
        7548        7550        7546        7549
        7557        7518        7559        7558
        7565        7559        7567        7566
        7567        7565        7569        7568
        7625        7623        7639        7626
        7639        7625        7641        7640
        7647        7641        7649        7648
        7649        7647        7651        7650
        7664        7661        7666        7665
        7666        7664        7668        7667
        7684        7668        7721        7685
        7686        7688        7682        7687
        7693        7695        7691        7694
        7700        7702        7698        7701
        7707        7709        7705        7708
        7714        7716        7712        7715
        7721        7684        7723        7722
        7729        7723        7731        7730
        7731        7729        7733        7732
        7789        7787        7803        7790
        7803        7789        7805        7804
        7811        7805        7813        7812
        7813        7811        7815        7814
        7828        7825        7830        7829
        7830        7828        7832        7831
        7850        7832        7852        7851
        7852        7850        7854        7853
        7860        7854        7862        7861
        7862        7860        7864        7863
        7920        7918        7934        7921
        7934        7920        7936        7935
        7942        7936        7944        7943
        7944        7942        7946        7945
        7959        7956        7961        7960
        7961        7959        7963        7962
        7981        7963        7983        7982
        7983        7981        7985        7984
        7991        7985        6176        7992
        8040        8038        8054        8041
        8054        8040        8056        8055
        8062        8056        8064        8063
        8064        8062        8066        8065
        8079        8076        8081        8080
        8081        8079        8083        8082
        8101        8083        8103        8102
        8103        8101        8105        8104
        8111        8105        9806        8112
        8160        8158        8174        8161
        8174        8160        8176        8175
        8182        8176        8184        8183
        8184        8182        8186        8185
        8199        8196        8201        8200
        8201        8199        8203        8202
        8219        8203        8258        8220
        8221        8223        8217        8222
        8228        8230        8226        8229
        8235        8237        8233        8236
        8242        8244        8240        8243
        8249        8251        8247        8250
        8258        8219        8260        8259
        8266        8260        8268        8267
        8268        8266        8270        8269
        8326        8324        8340        8327
        8340        8326        8342        8341
        8348        8342        8350        8349
        8350        8348        8352        8351
        8365        8362        8367        8366
        8367        8365        8369        8368
        8387        8369        8389        8388
        8389        8387        8391        8390
        8397        8391        6471        8398
        8446        8444        8460        8447
        8460        8446        8462        8461
        8468        8462        8470        8469
        8470        8468        8472        8471
        8485        8482        8487        8486
        8487        8485        8489        8488
        8507        8489        8509        8508
        8509        8507        8511        8510
        8517        8511       10429        8518
        8566        8564        8580        8567
        8580        8566        8582        8581
        8588        8582        8590        8589
        8590        8588        8592        8591
        8605        8602        8607        8606
        8607        8605        8609        8608
        8627        8609        8629        8628
        8629        8627        8631        8630
        8637        8631        6799        8638
        8686        8684        8700        8687
        8700        8686        8702        8701
        8708        8702        8710        8709
        8710        8708        8712        8711
        8725        8722        8727        8726
        8727        8725        8729        8728
        8747        8729        8749        8748
        8749        8747        8751        8750
        8757        8751        8759        8758
        8759        8757        8761        8760
        8817        8815        8831        8818
        8831        8817        8833        8832
        8839        8833        8841        8840
        8841        8839        8843        8842
        8856        8853        8858        8857
        8858        8856        8860        8859
        8878        8860        8880        8879
        8880        8878        8882        8881
        8888        8882        7127        8889
        8937        8935        8951        8938
        8951        8937        8953        8952
        8959        8953        8961        8960
        8961        8959        8963        8962
        8976        8973        8978        8977
        8978        8976        8980        8979
        8998        8980        9000        8999
        9000        8998        9002        9001
        9008        9002        9010        9009
        9010        9008        9012        9011
        9068        9066        9082        9069
        9082        9068        9084        9083
        9090        9084        9092        9091
        9092        9090        9094        9093
        9107        9104        9109        9108
        9109        9107        9111        9110
        9129        9111        9131        9130
        9131        9129        9133        9132
        9139        9133        9141        9140
        9141        9139        9143        9142
        9199        9197        9213        9200
        9213        9199        9215        9214
        9221        9215        9223        9222
        9223        9221        9225        9224
        9238        9235        9240        9239
        9240        9238        9242        9241
        9260        9242        9262        9261
        9262        9260        9264        9263
        9270        9264        9272        9271
        9272        9270        9274        9273
        9330        9328        9344        9331
        9344        9330        9346        9345
        9352        9346        9354        9353
        9354        9352        9356        9355
        9369        9366        9371        9370
        9371        9369        9373        9372
        9391        9373        9393        9392
        9393        9391        9395        9394
        9401        9395        7719        9402
        9450        9448        9464        9451
        9464        9450        9466        9465
        9472        9466        9474        9473
        9474        9472        9476        9475
        9489        9486        9491        9490
        9491        9489        9493        9492
        9511        9493        9513        9512
        9513        9511        9515        9514
        9521        9515        9523        9522
        9523        9521        9525        9524
        9581        9579        9595        9582
        9595        9581        9597        9596
        9603        9597        9605        9604
        9605        9603        9607        9606
        9620        9617        9622        9621
        9622        9620        9624        9623
        9642        9624        9644        9643
        9644        9642        9646        9645
        9652        9646        9654        9653
        9654        9652        9656        9655
        9712        9710        9726        9713
        9726        9712        9728        9727
        9734        9728        9736        9735
        9736        9734        9738        9737
        9751        9748        9753        9752
        9753        9751        9755        9754
        9771        9755        9808        9772
        9773        9775        9769        9774
        9780        9782        9778        9781
        9787        9789        9785        9788
        9794        9796        9792        9795
        9801        9803        9799        9802
        9808        9771        9810        9809
        9816        9810        9818        9817
        9818        9816        9820        9819
        9876        9874        9890        9877
        9890        9876        9892        9891
        9898        9892        9900        9899
        9900        9898        9902        9901
        9915        9912        9917        9916
        9917        9915        9919        9918
        9935        9919        9972        9936
        9937        9939        9933        9938
        9944        9946        9942        9945
        9951        9953        9949        9952
        9958        9960        9956        9959
        9965        9967        9963        9966
        9972        9935        9974        9973
        9980        9974        9982        9981
        9982        9980        9984        9983
       10040       10038       10054       10041
       10054       10040       10056       10055
       10062       10056       10064       10063
       10064       10062       10066       10065
       10079       10076       10081       10080
       10081       10079       10083       10082
       10099       10083       10136       10100
       10101       10103       10097       10102
       10108       10110       10106       10109
       10115       10117       10113       10116
       10122       10124       10120       10123
       10129       10131       10127       10130
       10136       10099       10138       10137
       10144       10138       10146       10145
       10146       10144       10148       10147
       10204       10202       10218       10205
       10218       10204       10220       10219
       10226       10220       10228       10227
       10228       10226       10230       10229
       10243       10240       10245       10244
       10245       10243       10247       10246
       10265       10247       10267       10266
       10267       10265       10269       10268
       10275       10269       10277       10276
       10277       10275       10279       10278
       10335       10333       10349       10336
       10349       10335       10351       10350
       10357       10351       10359       10358
       10359       10357       10361       10360
       10374       10371       10376       10375
       10376       10374       10378       10377
       10394       10378       10431       10395
       10396       10398       10392       10397
       10403       10405       10401       10404
       10410       10412       10408       10411
       10417       10419       10415       10418
       10424       10426       10422       10425
       10431       10394       10433       10432
       10439       10433       10441       10440
       10441       10439       10443       10442
       10499       10497       10513       10500
       10513       10499       10515       10514
       10521       10515       10523       10522
       10523       10521       10525       10524
       10538       10535       10540       10539
       10540       10538       10542       10541
       10560       10542       10562       10561
       10562       10560       10564       10563
       10570       10564       10572       10571
       10572       10570       10574       10573
       10630       10628       10644       10631
       10644       10630       10646       10645
       10652       10646       10654       10653
       10654       10652       10656       10655
       10669       10666       10671       10670
       10671       10669       10673       10672
       10691       10673       10693       10692
       10693       10691       10695       10694
       10701       10695       12353       10702
       10750       10748       10764       10751
       10764       10750       10766       10765
       10772       10766       10774       10773
       10774       10772       10776       10775
       10789       10786       10791       10790
       10791       10789       10793       10792
       10809       10793       10848       10810
       10811       10813       10807       10812
       10818       10820       10816       10819
       10825       10827       10823       10826
       10832       10834       10830       10833
       10839       10841       10837       10840
       10848       10809       10850       10849
       10856       10850       10858       10857
       10858       10856       10860       10859
       10916       10914       10930       10917
       10930       10916       10932       10931
       10938       10932       10940       10939
       10940       10938       10942       10941
       10955       10952       10957       10956
       10957       10955       10959       10958
       10977       10959       10979       10978
       10979       10977       10981       10980
       10987       10981       10989       10988
       10989       10987       10991       10990
       11047       11045       11061       11048
       11061       11047       11063       11062
       11069       11063       11071       11070
       11071       11069       11073       11072
       11086       11083       11088       11087
       11088       11086       11090       11089
       11108       11090       11110       11109
       11110       11108       11112       11111
       11118       11112         273       11119
       11167       11165       11181       11168
       11181       11167       11183       11182
       11189       11183       11191       11190
       11191       11189       11193       11192
       11206       11203       11208       11207
       11208       11206       11210       11209
       11228       11210       11230       11229
       11230       11228       11232       11231
       11238       11232       11240       11239
       11240       11238       11242       11241
       11298       11296       11312       11299
       11312       11298       11314       11313
       11320       11314       11322       11321
       11322       11320       11324       11323
       11337       11334       11339       11338
       11339       11337       11341       11340
       11357       11341       11394       11358
       11359       11361       11355       11360
       11366       11368       11364       11367
       11373       11375       11371       11374
       11380       11382       11378       11381
       11387       11389       11385       11388
       11394       11357       11396       11395
       11402       11396       11404       11403
       11404       11402       11406       11405
       11462       11460       11476       11463
       11476       11462       11478       11477
       11484       11478       11486       11485
       11486       11484       11488       11487
       11501       11498       11503       11502
       11503       11501       11505       11504
       11523       11505       11525       11524
       11525       11523       11527       11526
       11533       11527       11535       11534
       11535       11533       11537       11536
       11593       11591       11607       11594
       11607       11593       11609       11608
       11615       11609       11617       11616
       11617       11615       11619       11618
       11632       11629       11634       11633
       11634       11632       11636       11635
       11654       11636       11656       11655
       11656       11654       11658       11657
       11664       11658        9970       11665
       11713       11711       11727       11714
       11727       11713       11729       11728
       11735       11729       11737       11736
       11737       11735       11739       11738
       11752       11749       11754       11753
       11754       11752       11756       11755
       11772       11756       11809       11773
       11774       11776       11770       11775
       11781       11783       11779       11782
       11788       11790       11786       11789
       11795       11797       11793       11796
       11802       11804       11800       11803
       11809       11772       11811       11810
       11817       11811       11819       11818
       11819       11817       11821       11820
       11877       11875       11891       11878
       11891       11877       11893       11892
       11899       11893       11901       11900
       11901       11899       11903       11902
       11916       11913       11918       11917
       11918       11916       11920       11919
       11938       11920       11940       11939
       11940       11938       11942       11941
       11948       11942       10134       11949
       11997       11995       12011       11998
       12011       11997       12013       12012
       12019       12013       12021       12020
       12021       12019       12023       12022
       12036       12033       12038       12037
       12038       12036       12040       12039
       12058       12040       12060       12059
       12060       12058       12062       12061
       12068       12062       12070       12069
       12070       12068       12072       12071
       12128       12126       12142       12129
       12142       12128       12144       12143
       12150       12144       12152       12151
       12152       12150       12154       12153
       12167       12164       12169       12168
       12169       12167       12171       12170
       12189       12171       12191       12190
       12191       12189       12193       12192
       12199       12193       12201       12200
       12201       12199       12203       12202
       12259       12257       12273       12260
       12273       12259       12275       12274
       12281       12275       12283       12282
       12283       12281       12285       12284
       12298       12295       12300       12299
       12300       12298       12302       12301
       12318       12302       12355       12319
       12320       12322       12316       12321
       12327       12329       12325       12328
       12334       12336       12332       12335
       12341       12343       12339       12342
       12348       12350       12346       12349
       12355       12318       12357       12356
       12363       12357       12365       12364
       12365       12363       12367       12366
       12423       12421       12437       12424
       12437       12423       12439       12438
       12445       12439       12447       12446
       12447       12445       12449       12448
       12462       12459       12464       12463
       12464       12462       12466       12465
       12484       12466       12486       12485
       12486       12484       12488       12487
       12494       12488       12496       12495
       12496       12494       12498       12497
       12554       12552       12568       12555
       12568       12554       12570       12569
       12576       12570       12578       12577
       12578       12576       12580       12579
       12593       12590       12595       12594
       12595       12593       12597       12596
       12615       12597       12617       12616
       12617       12615       12619       12618
       12625       12619       12627       12626
       12627       12625       12629       12628
